1.05128
-1.28345
0.260268
-2.40257
-1.80349
0.240193
0.312532
-1.11
-0.176039
1.80572
0.447344
1.28679
-1.16477
0.26619
-1.65436
0.124376
-3.4305
-0.651139
2.7615
-0.325789
12.6617
-0.0399527
0.322563
-3.59358
-0.481563
-0.860801
-0.812321
-0.727892
2.68882
0.391248
4.34094
-0.343076
0.395806
2.0853
-1.56247
-0.104993
-0.116881
2.07824
-2.002
-0.837976
-0.525661
-0.599604
-1.9066
-1.04844
0.19765
-0.624852
0.760792
0.541833
0.61128
1.69211
1.71727
1.44977
0.371458
0.443446
0.0543437
0.0111586
0.265285
0.978867
-0.107407
2.73688
-1.55936
1.00544
0.937856
-3.82626
2.38654
0.418552
-0.0248775
-0.443725
-1.53897
0.233079
3.62281
-1.27461
-4.40666
-1.63236
4.93126
-2.43994
-0.328583
0.705168
0.988691
1.73563
-1.82141
0.363688
-4.50245
-0.24749
-0.625664
1.2093
-0.738721
0.0717037
0.0609713
6.14331
-8.57183
2.78833
-6.59179
1.16595
2.83608
3.16177
0.726356
-6.9718
2.84572
-0.392959
-0.181759
-0.201002
0.578953
-0.469405
-0.895619
0.92878
-0.643706
1.7547
-1.1302
-0.334244
0.708521
-5.83224
0.251167
-0.0767888
-0.270115
-0.0750795
-4.80351
2.60013
0.533028
3.61386
-3.15478
-1.18964
0.00143489
-3.52981
-0.0828899
5.86568
-0.786246
-0.642551
-5.87053
-1.43987
0.00992599
0.188896
-2.43995
0.735779
0.866712
-0.482771
0.775389
-0.165938
-0.0216632
-0.15
0.431813
3.32621
0.958302
2.15018
1.28765
0.0517761
0.658053
0.796566
-0.292912
-0.97329
4.31449
-2.32553
0.460534
-0.173756
1.52247
5.31378
0.757635
-0.14263
0.186037
1.07057
-0.394161
0.348333
0.881508
0.207737
-6.67672
-1.00477
-0.0628355
0.309657
-1.04524
-1.42733
-6.18552
1.04427
6.04212
-0.721164
1.69272
-0.98135
-0.0156479
0.364545
-1.0446
-0.405533
-0.123613
1.12676
0.781435
0.0830361
0.0563463
-1.93195
1.51361
0.86645
-0.100389
-2.14044
0.264244
1.9808
1.5287
-1.34579
-0.635059
-0.713736
-1.31562
1.60031
-4.61171
-0.76669
-1.74806
1.32022
3.75606
-1.64393
-0.357741
-0.136872
-3.19896
4.56664
-1.36725
-1.11472
1.11324
0.909413
1.07097
3.69406
1.33793
0.824644
1.70807
-6.68376
-1.74248
-1.65218
-0.00802002
0.71648
0.745643
1.10498
0.394324
-0.0734449
-1.14024
0.156861
5.83471
0.7851
4.5359
-1.01707
-0.267505
-0.206286
-1.73324
-4.55488
0.0235834
1.75364
-4.63458
-0.159324
-3.26117
-0.0827964
4.53784
-3.8316
1.27219
-1.20528
1.48206
-3.24037
1.40507
-4.79204
0.786977
-3.7743
3.59739
-0.15696
-1.2661
0.673361
-0.189565
-0.871389
-0.0777279
-3.1754
-1.71941
0.412985
0.0222836
-1.64711
-0.0805678
0.315025
0.213761
-0.212861
-0.00462102
0.723102
-0.948985
0.458688
-2.28739
0.351474
2.11479
-0.599602
9.13623
0.0532187
0.186494
-1.51759
0.301816
-0.506442
-0.648694
0.0909719
2.20569
0.408891
4.5382
-1.31798
0.0971935
1.84611
-1.28779
0.0730005
0.793334
0.936059
-2.09328
0.0101299
-0.596869
-0.0459318
-0.015569
-1.17915
-0.122607
0.0684408
1.06111
0.805548
0.287436
2.92427
1.34423
0.508025
-0.0232446
-1.39612
-0.542441
0.649499
0.971781
-0.662019
0.241191
1.52247
-0.611512
0.325007
-0.00519747
-3.66525
2.25697
0.897524
0.181795
-0.179525
-1.36153
1.07576
2.65863
-0.655078
-3.93888
0.115225
4.61905
-1.91151
-0.158331
-0.446617
0.237738
1.32474
-1.56476
0.00293732
-1.36676
-0.108746
-0.107634
0.621704
-0.730881
0.00584983
0.980923
6.86146
-8.88078
4.20556
-6.47838
1.00324
3.34771
1.72935
-0.304854
-5.14657
2.45311
-0.409098
-0.276598
-0.951161
0.568735
-0.377682
-0.942112
-0.708049
0.455233
2.15232
-0.4464
-0.218828
-0.0109077
-3.69518
0.0509701
-1.30211
0.230652
-0.182653
-3.32096
3.28687
0.409365
4.41634
-2.36953
-0.63425
1.47811
-3.0731
-0.0527752
3.78516
-0.199175
-0.800311
-4.85358
-0.760614
0.213163
0.745563
-1.50269
-0.0552333
1.46763
-0.295761
0.697064
-0.386235
0.512638
-1.32783
-0.298592
2.5333
1.28124
2.47857
1.58266
-0.563217
-0.523567
-0.397909
-1.49905
-0.585068
3.92999
-3.07207
0.0247339
1.29181
1.57219
3.17746
1.28287
0.440034
-0.611699
0.0834755
-0.428695
0.477546
-0.307037
1.32411
-7.17427
-0.381781
0.218532
1.30238
-0.263831
-1.87771
-7.94153
0.589881
4.88756
0.633797
-0.896562
-1.95113
0.49432
-0.187165
-0.427866
0.0561442
-0.661769
0.785118
0.789978
0.0662518
0.486999
-1.50587
0.243841
1.03975
0.2025
-1.25015
-0.534398
2.11517
-0.0964762
-0.972019
-1.20768
-0.0557929
-0.542935
1.19935
-2.92903
-0.683645
-1.74932
1.36612
2.2854
-0.467095
0.00949861
-0.255183
-2.59744
2.20198
-1.99775
0.0177692
1.40409
-0.556267
0.436906
4.53937
2.98983
0.998854
1.0837
-6.08947
-2.51807
-1.31339
0.168878
-0.357674
-0.42361
0.88571
0.0411546
0.101752
0.374524
-0.985301
6.54863
-0.471842
3.19075
-0.85457
-0.405195
-0.686324
-2.08247
-3.32598
0.0665845
0.356525
-1.98418
-0.0640798
-0.91547
-0.21095
4.51545
-1.89407
0.858931
-0.255358
0.347937
-2.13632
0.0257929
-2.0226
-0.771538
-3.36132
3.34598
-1.34714
-1.79203
0.0165777
0.404664
-1.36524
-0.175641
-3.38859
-2.52016
0.25279
0.135321
-2.31548
-0.74232
1.61443
0.758522
1.10097
-0.603528
0.414304
-0.316615
0.630331
-2.93166
-0.00824271
1.83106
0.092422
13.8516
0.0184731
1.26056
-3.77471
-0.393041
0.9236
-0.426535
-0.329472
2.42022
0.76398
5.77419
-1.83787
-0.851601
1.96205
-1.47113
-0.451857
0.766476
0.822376
-1.91351
0.160745
-0.829959
0.971476
-1.99552
-2.44681
0.28777
-0.326599
1.91304
1.26936
0.661539
3.42872
1.00203
1.00455
0.632121
0.524113
-0.00622252
-0.376023
0.765357
-0.576512
0.165215
2.55096
-1.3356
0.163996
0.87046
-4.11783
3.13838
0.359073
0.0855259
-0.751352
-1.25208
1.20688
3.01628
-0.237209
-4.08592
-1.55022
2.47946
-1.75006
-0.594247
-0.64113
0.4121
0.826923
-1.31448
-0.160398
-3.05773
-0.506556
0.120157
1.95329
-0.764029
0.255048
0.663472
6.12824
-8.88157
4.12286
-7.3273
1.2129
2.54593
2.6055
0.575641
-2.63183
2.81153
-1.72862
0.816784
-0.497833
0.90128
-0.815465
-0.300356
0.430827
0.750296
1.88136
0.435374
-0.105381
0.261795
-5.91344
-0.588437
-0.26305
-0.0170229
-0.189189
-4.45054
3.31123
0.478953
4.63886
-2.40848
-1.11137
0.441168
-3.21495
-0.166422
4.55338
-0.47206
-0.639377
-4.33706
-1.07336
-0.115507
-0.284337
-1.00481
-0.0503551
2.31581
-0.748985
0.0412846
-0.458628
-0.0103155
-0.623336
1.47061
3.45906
1.71255
2.53484
2.07143
-0.326031
0.926595
-0.296185
-1.39551
0.795394
4.24014
-3.95149
-0.0405504
1.26275
2.32123
4.4216
1.28585
-0.0447821
-1.44322
1.70629
0.382048
0.125728
1.58525
-0.0312175
-7.30277
-0.384871
0.400706
-0.344025
-0.235566
-2.35765
-10.4342
0.999397
6.5653
-0.977556
0.629578
-2.76155
0.880746
0.848803
-0.0416755
0.0762242
0.504888
1.92507
0.305085
-0.651482
0.0617571
-3.19662
2.16598
1.75626
0.158217
-1.22319
0.955831
3.05173
0.496593
-0.535878
0.836451
0.199602
-1.09799
1.21494
-3.85625
-0.80465
-1.17856
1.45812
2.68498
-0.7555
0.576094
-0.0355884
-2.73049
4.95455
-2.56727
-0.469038
0.980116
0.2028
1.2485
4.45354
1.18235
0.705529
1.52897
-5.89784
-1.42515
-1.60662
-0.399446
-0.0431802
1.6774
0.370148
0.994431
0.523159
0.0877119
-0.734826
7.13218
1.25432
3.22688
-0.837944
0.0611219
-0.792977
-1.20609
-2.98722
0.045289
0.271598
-5.46802
-0.215353
-1.43549
0.336648
5.98712
-2.22859
1.14116
-0.716289
0.482048
-3.2081
-0.0945027
-4.01219
-1.01149
-3.49378
3.91141
-1.22497
-1.67948
-0.307226
0.966533
-0.683395
-0.304407
-2.31636
-2.47835
0.441504
-0.30811
-1.02184
-0.763058
0.686973
0.400517
0.366598
-1.15709
0.68659
-0.75055
-0.389846
-3.48927
-0.706663
4.34581
-0.558652
12.4772
-0.198352
-0.0403672
-3.61318
-0.506405
0.478586
-1.06004
-0.114316
4.99049
0.200457
5.66373
-1.19837
1.0668
2.62469
-1.94899
0.298035
0.848946
1.1845
-1.85973
-0.716303
-0.788719
0.0709679
-0.491616
-1.04585
-0.198532
-0.70845
1.45122
1.07682
1.16342
3.74084
1.59652
1.61558
0.423505
0.191774
-0.265676
-0.905467
0.655769
-0.63238
-0.0333452
2.98832
-0.658023
1.80482
0.970113
-4.60883
3.52985
0.164701
-0.311329
-0.856529
-1.05896
0.852541
3.21112
-1.10798
-3.63575
-2.72542
3.66363
-2.24778
-0.507776
-0.67093
-0.501785
0.859442
-2.45945
0.228495
-5.44969
-0.0134464
-0.531784
0.736371
-1.26319
0.0817888
0.245444
7.6655
-9.49557
4.22924
-5.9232
1.30448
2.70991
3.49518
0.0211894
-7.86324
3.45132
-0.352292
0.812082
-0.365974
0.103308
-0.666707
0.638512
0.40009
0.582375
1.37181
-2.3538
-0.348841
0.869169
-4.57398
0.63025
-0.28179
-0.126937
-0.0411455
-6.00778
4.5478
0.104418
3.49336
-5.21981
-0.440827
0.203783
-3.1857
0.397921
1.94086
-0.589973
-0.275173
-4.49993
-1.59288
0.35009
0.738746
-3.08276
-0.406839
1.12832
-0.997853
0.182579
-0.608541
0.675523
-1.05889
0.788833
2.77444
2.5881
3.28537
1.84079
0.398631
0.110405
-0.3141
-0.607147
-0.425422
5.03782
-2.95759
0.240389
0.724623
2.83164
6.0522
0.464587
-0.0768364
-0.641365
0.948758
-0.341821
0.457808
1.12234
0.315222
-6.61909
-1.23853
-0.0528843
1.21161
-0.293448
-2.84677
-7.60983
0.349296
8.9012
-0.812249
1.73664
-1.74619
0.0175914
0.167104
-0.437901
-0.0779108
-0.213516
1.80702
0.928094
0.0364751
0.1601
-4.66383
2.49957
1.68237
0.026499
-2.34983
1.45272
1.76559
1.0318
-1.56067
-1.21021
-0.272291
-0.657335
1.42594
-3.93584
-1.63276
-1.8496
0.611345
3.10536
-0.865137
0.307517
0.0990361
-4.2024
6.81431
-1.98845
-0.141906
1.58854
1.03734
1.43225
4.68941
3.39137
1.00934
2.79944
-6.48633
-2.72209
-1.70804
-0.239757
0.0893354
0.897127
2.07963
0.00511852
0.132099
-0.159694
-0.718573
7.10368
1.00133
5.89751
-1.28156
0.392159
-0.604023
-1.57966
-3.02017
0.207026
-0.0226908
-5.73718
-0.929537
-3.29158
0.116587
5.9723
-3.36646
2.62641
-0.573533
0.78908
-3.57451
0.399939
-3.03366
0.167602
-3.71854
2.9931
-0.476302
-1.78729
-0.3859
0.203303
-1.41803
-0.192516
-2.83764
-1.98249
0.307877
0.625692
-1.73888
-0.20416
2.11361
1.06434
0.834701
-0.638887
0.291739
-0.687274
0.624264
-3.73437
0.0646155
1.85778
0.260764
12.4006
-0.0767853
0.870389
-3.48575
-0.364607
-0.0313581
-0.832046
-0.381011
1.39912
0.783926
5.05382
-1.71393
-0.463076
2.61227
-1.02006
-0.187772
0.986647
1.63998
-2.26054
0.071625
-0.240896
0.35361
-0.845493
-1.48229
0.562055
-0.280857
1.55955
1.01208
0.704844
3.01745
1.38499
1.20237
0.26439
-0.22852
0.0493885
-0.439857
0.62373
-1.09083
0.0267316
1.69805
-1.38771
0.537421
0.679283
-4.01331
2.48265
0.360719
-0.00239781
-0.295649
-1.26944
1.22428
2.20786
-0.0991979
-3.97336
-1.73536
2.52155
-2.15207
-0.344879
-0.391689
-0.061009
0.776227
-2.23129
-0.262284
-3.54909
-0.423057
0.108487
1.46285
-0.749345
0.103491
0.887221
6.25233
-8.81143
3.73646
-4.85996
1.42204
2.75847
1.91219
0.62771
-7.04126
2.57453
-1.0424
0.623806
-0.618966
0.883358
-0.712709
-0.268807
0.978503
0.453079
1.53535
-0.137539
-0.0222167
0.583415
-5.01251
-0.365471
-0.253893
-0.0931016
-0.149476
-4.33358
2.45572
0.452632
5.41575
-2.38957
-0.402915
0.633772
-2.68715
0.0162227
3.70983
-0.776988
-0.686566
-6.50944
-2.54986
-0.0572648
-0.231913
-1.34443
0.595627
1.46317
-0.549544
0.598874
-0.118584
-0.0159908
-0.669652
1.23319
2.86481
1.71145
1.95089
1.56292
-0.233269
0.615265
-0.426686
-0.840366
0.59145
4.84643
-3.19625
0.0137967
0.943886
1.73052
5.20153
1.14989
1.08442
-0.974229
1.19545
-0.0173736
0.199155
0.456144
0.121803
-7.53413
-0.78048
0.235854
-0.289103
-0.775805
-2.15802
-8.22751
1.0611
4.75841
-0.739496
-0.979735
-1.64902
0.459577
0.458463
-0.58781
-0.00393226
0.251334
1.17669
0.517888
-0.402007
0.40085
-2.1362
2.04783
1.64725
0.123278
-2.07949
0.0430668
2.51126
0.264459
-0.919249
0.445161
-0.0172595
-1.33335
1.50033
-3.31354
-0.428638
-1.26621
1.42877
1.94987
-0.605101
0.534541
-0.130628
-3.44489
4.64117
-1.68289
-0.460839
1.50485
-0.171644
1.77359
4.87164
2.2419
0.742589
1.38185
-5.27691
-2.27606
-1.14002
-0.399646
-0.148854
1.5469
0.343006
1.13522
0.441424
-0.0821795
-0.922703
4.69426
0.524307
3.05599
-0.738128
-0.10666
-0.613366
-1.65581
-4.0742
-0.00524534
0.280895
-4.0195
-0.185914
-1.67283
0.163524
6.33093
-2.04699
1.13233
-0.711884
0.713033
-2.1386
0.01956
-3.3624
-0.668833
-4.5972
4.09726
-0.944
-1.82867
-0.147859
0.856232
-0.860352
-0.159069
-3.02827
-1.70814
0.352398
0.408043
-1.21236
-0.437745
0.934195
0.309966
0.229938
-0.90686
0.97894
-1.74057
-0.166497
-3.03429
-0.943653
3.41501
-0.643433
12.0524
0.0206829
0.522354
-2.0155
0.148995
-0.4773
-0.345628
-0.586885
3.24032
0.335136
4.27629
-0.592943
0.841538
2.00545
-1.06719
0.372734
0.319679
1.44254
-1.88371
-0.54924
-0.530539
-0.267383
-1.29987
-1.13857
-0.412306
-1.07695
1.39828
0.662792
1.00614
2.60261
1.5231
1.1635
0.658808
0.162542
-0.219119
0.339159
0.0946725
-0.732125
-0.191397
2.759
-0.750276
0.786886
0.704836
-4.31407
2.83784
1.00331
0.0733966
-0.00555533
-1.58494
0.714585
3.08707
-0.727275
-4.3833
-1.43601
5.34599
-2.79098
-0.594211
-0.367848
1.13542
1.14946
-1.31034
0.165717
-3.99437
-0.113106
-0.696536
1.37213
-0.831806
0.0636863
0.451396
6.16623
-9.6438
3.6236
-7.93167
1.11608
2.47943
2.98374
-0.608836
-6.61328
4.28994
-0.519371
0.26804
-0.58835
0.573421
-0.660945
0.0165673
0.461681
0.178269
1.47307
-1.11197
-0.0859047
0.156288
-4.53239
0.460852
-0.387776
0.288262
-0.0787531
-4.60927
3.19597
-0.483061
3.76001
-4.38603
-1.19568
0.475424
-2.59908
0.251176
4.71993
-0.295632
-0.419502
-5.38493
-0.630258
0.076457
0.77317
-2.28806
-0.195222
1.6285
-0.687394
1.20248
-0.152121
-0.0017961
-0.586196
-1.20033
2.29773
1.13101
2.20494
1.58254
-0.35703
0.525848
0.175266
-0.56441
-0.704219
4.09796
-3.71026
-0.118047
0.630795
2.31375
3.63967
0.709217
-0.79842
-0.392352
1.05296
-0.449773
0.619876
0.259937
0.379305
-6.40818
-0.895307
-0.144449
0.899598
-0.445047
-2.68254
-7.71029
0.172312
7.04789
0.304111
1.62502
-1.54194
0.42654
0.129158
-0.656835
0.196418
-0.421282
1.07011
0.78069
0.475398
0.0459006
-3.68073
1.98833
1.00171
-0.00827315
-1.88631
0.937689
2.39077
0.864687
-1.35389
-1.09312
0.019575
-0.630975
1.08318
-3.59524
-0.956904
-1.94444
1.39615
3.22041
-0.237796
0.346436
0.0979982
-2.58642
3.79572
-1.76626
-0.331111
1.48001
0.737278
1.04452
4.06486
2.4683
0.741347
1.81878
-6.03747
-1.97772
-1.6851
0.0239211
0.384808
0.617384
2.05369
0.180107
-0.0606384
-0.0440979
-0.621059
6.95705
0.767424
5.05754
-1.37799
0.595764
0.00100552
-1.73363
-3.05915
-0.0928296
0.344975
-4.57423
0.644576
-2.59885
0.324998
5.00797
-2.67774
1.53777
-0.781988
-0.200324
-2.45569
0.511176
-3.84501
-0.638209
-3.82454
3.69589
-0.711675
-1.36792
-0.51745
0.962059
-1.35243
0.21099
-2.54792
-1.95746
0.313203
-0.188137
-0.664861
-0.223867
1.46224
0.508159
0.991885
-1.35536
0.309872
-1.13972
0.210624
-2.39056
-0.746515
3.37741
-0.575051
12.8949
-0.0273285
0.383934
-2.80651
-0.34397
-0.413673
-0.287723
-0.844111
3.04695
0.340729
3.59599
-0.27742
0.498884
2.23256
-0.649254
-0.0629471
-0.162974
1.52257
-1.91849
-0.5882
-0.199754
-0.752366
-1.58921
-1.67447
-0.486008
-0.681043
0.832177
0.457785
0.66181
1.59906
1.78056
1.10804
0.448043
0.565561
0.126663
0.126915
0.315184
1.0664
-0.305217
3.18388
-1.31601
0.794974
0.912445
-4.42478
3.0875
0.145128
-0.0306082
-0.300789
-1.79546
0.252283
3.47493
-1.30301
-4.84393
-2.39529
5.58559
-2.6249
-0.250521
0.644034
-0.354126
1.84158
-1.45828
0.463341
-4.91689
-0.519488
-0.617983
1.59666
-0.865318
0.0363796
0.219695
6.41366
-8.94098
3.00526
-7.32834
1.19551
2.48357
3.20031
0.477858
-6.27365
3.01812
-0.658559
-0.0787342
-0.152487
0.638687
-0.426018
-0.920532
1.03914
-0.540349
2.02548
-1.10769
-0.402846
0.742665
-5.33841
-0.0788693
-0.0471065
-0.080001
-0.103968
-4.90898
2.23285
0.203067
3.34217
-2.91321
-1.07833
0.0792401
-3.23798
-0.300572
4.58025
-0.649052
-0.695387
-5.07438
-0.444968
0.218806
0.230025
-1.89142
0.706621
1.55705
-0.655547
1.00364
-0.142661
-0.295102
0.00715679
0.652547
3.17554
1.75861
1.63747
1.86509
0.151494
0.67236
0.574186
-0.337685
-0.0312375
4.38578
-2.7962
-0.16237
-0.0587684
2.86509
5.7433
0.516199
-0.0548916
0.183193
1.20482
-0.452763
0.417813
0.793905
0.21952
-8.39602
-0.869541
-0.0731284
0.217985
-0.81925
-2.12889
-7.86372
0.478976
7.90809
-0.429748
2.58764
-1.34126
-0.0894096
0.456559
-0.483809
-0.265814
-0.141534
0.938925
1.09346
0.0231447
-0.772307
-2.96278
1.692
0.718144
-0.0596507
-1.98161
0.607271
2.36771
1.54007
-1.13943
-0.614966
-0.559748
-1.43435
1.19505
-4.41848
-1.06279
-1.36561
1.5882
2.56247
-1.21341
-0.34606
-0.0256627
-3.45168
4.61055
-1.49544
-1.1909
1.018
0.884055
0.720456
4.94894
1.30025
0.71845
1.39925
-6.8509
-2.28068
-2.7389
-0.00961569
0.718435
0.746168
0.932203
0.790789
-0.00384145
-0.516305
-0.0257148
6.04204
0.833751
4.81765
-1.02713
-0.232354
-0.236038
-0.943278
-3.08657
-0.0577112
1.49004
-4.2231
-0.133994
-2.39616
0.155162
4.39397
-3.46791
1.52048
-1.37332
1.17325
-3.18984
1.19647
-3.57551
0.613503
-3.53193
2.98132
-0.15671
-0.952723
0.598431
0.438541
-0.643812
-0.488744
-1.67866
-2.75652
0.17116
0.297964
-1.19302
-0.074328
0.764523
0.179355
0.824538
0.0158295
0.677505
-1.2359
-0.510561
-3.0603
0.831181
2.35577
0.995219
10.3387
0.00647975
-0.276429
-3.70069
-1.21018
0.420057
-1.25221
0.708754
3.76659
0.103129
1.50088
-1.12087
0.959192
2.66309
-2.12664
0.0109202
1.96862
1.64381
-0.881469
-1.24108
-0.971209
0.267531
-0.57218
-1.64241
0.959868
-1.03761
1.03384
1.01285
0.905115
3.43545
0.813325
1.66856
0.711344
-0.426434
-0.483683
0.635347
-0.245067
0.492514
0.299638
3.14662
-0.0269325
1.10937
1.20003
-3.26518
3.21763
0.415675
0.0149514
-0.481895
-1.35934
0.238732
4.19633
-0.125908
-3.0103
-0.598051
3.49577
-1.51626
-1.23944
-0.376414
0.225053
0.842437
-1.56872
-0.814471
-3.64105
0.318276
-0.36611
0.10357
0.101643
0.0765695
-0.792129
6.34916
-7.72446
2.7802
-4.56206
1.13381
2.96737
3.80742
-0.694056
-5.55133
2.13493
-0.179947
-0.411078
-0.680568
0.343215
-0.493546
0.714066
-0.245731
0.0561356
2.54956
-0.761977
-0.141606
-0.311591
-5.04406
0.929215
-1.065
-0.0901108
0.0702723
-5.22483
2.87993
0.79
3.73818
-2.30334
-1.30444
-0.233972
-4.04115
0.454803
5.93835
0.0277983
-0.174283
-3.09715
-1.43141
-0.325494
0.632084
-2.7136
0.0883122
1.83276
-1.07614
-0.297829
-0.36066
0.464516
-0.787435
0.786826
3.2507
1.06775
3.16837
0.726915
-0.124224
0.0015074
1.54466
-0.497517
-0.716286
2.72867
-2.28727
1.46219
2.02292
1.31063
4.54474
0.796235
0.379842
-1.07788
0.787613
-0.493312
1.06461
1.71286
0.216049
-6.55915
-8.42139e-05
-0.0503778
1.04724
-0.586914
-1.49112
-5.75915
1.35402
5.16625
-0.557919
-0.356203
-0.785955
1.21473
-0.104638
-0.758797
-0.216309
0.163846
0.89839
0.285668
-0.543854
1.01399
-1.39937
1.95251
0.971392
-0.184216
-1.54239
0.0882415
0.931789
0.918035
-1.05979
-0.788692
-0.0693912
-0.494268
2.6812
-3.5172
-0.151714
-1.90444
1.02716
3.35034
-1.22392
-0.210964
0.0433898
-2.80342
4.64188
-2.51188
-0.182488
0.927425
0.615536
1.90156
4.37382
2.22031
1.05614
2.27483
-6.39895
-1.25231
-1.0621
-0.00676312
0.320087
0.556025
1.63243
-0.672643
-0.12871
-1.62725
-0.678643
5.2382
0.894107
4.13059
-1.22346
0.269213
-0.68539
-1.44507
-3.59794
-0.0830532
1.07579
-3.92885
-0.835366
-2.20139
-0.380255
4.76581
-3.46499
0.713681
-0.8358
-0.129038
-4.44215
0.539868
-3.72303
1.00299
-3.56852
3.23445
-0.464258
-1.18796
-0.185514
0.430923
-0.574432
-0.580807
-2.43858
-2.09511
0.318802
-0.028657
-1.00865
-0.381723
1.90393
0.832044
0.0343331
-0.619341
0.371944
-0.69862
0.720092
-1.0315
0.760423
2.80647
-0.748503
12.4778
-0.139858
0.866659
-2.55024
0.0202213
1.3212
-0.646643
-0.553736
0.703702
0.162884
3.6869
-0.138501
0.519748
1.79837
-0.737123
-0.0681924
1.12999
1.4993
-0.474335
0.0867955
-0.739973
-0.0410154
-0.824707
-1.24324
-0.982872
-1.03424
1.04822
0.497678
0.255545
2.47299
0.342775
1.50314
0.834638
0.207191
-0.358853
0.0560816
-0.0708518
0.678394
-0.0435027
2.26653
0.378446
-0.251156
0.951583
-2.99179
2.23972
0.297362
-0.0134564
0.226265
-1.33258
0.431969
3.2365
-0.0701846
-3.5644
-1.21068
4.02479
-1.62723
-0.470768
-0.923204
-0.627328
0.996886
-1.58513
0.27973
-4.16925
0.349397
0.671804
1.11159
-0.597328
0.0689562
0.354643
5.70073
-10.2139
3.11889
-6.59607
1.41268
3.09505
2.8809
0.0696358
-4.38126
2.60068
-1.6466
-0.606303
-0.452624
0.319426
-0.437336
-0.388162
0.164348
0.968211
1.86944
-0.41736
-0.0340844
0.742465
-5.73618
-0.448814
-0.32087
0.690198
0.16582
-4.92112
2.76441
0.749321
4.75276
-2.38628
-0.806299
0.279495
-3.24976
0.693373
2.79735
-0.858302
-0.565623
-5.33434
-0.656217
-0.156658
-0.302533
-1.20658
0.722261
1.61826
-0.749461
-0.127331
-0.116714
-0.201286
-0.717681
0.332046
3.35033
1.57181
1.82234
2.34648
-0.147374
-0.303396
-0.354656
-0.546308
0.608016
4.70101
-2.4879
-0.104344
1.34086
2.48575
5.20062
1.05983
0.576248
-0.551181
1.01881
0.398623
0.698297
0.592649
-0.0228344
-7.22355
-0.552703
-0.0611769
0.436819
-0.637547
-1.79652
-8.09995
1.35953
5.25683
-0.0539842
0.0455888
-2.05647
0.461458
0.702512
0.363117
-0.0208282
-0.00297888
1.23441
0.255521
-0.797492
0.437206
-0.89622
2.16405
1.12795
0.111175
-1.17527
1.15747
2.91891
0.274173
-0.0163074
-0.0672064
0.122971
-0.939501
1.60866
-4.15708
-0.672287
-1.13009
1.66707
2.58374
-0.34164
-0.137063
0.028343
-2.6988
2.4019
-1.7017
-0.819185
1.14513
0.153695
1.37432
4.65437
0.840077
0.420292
1.48437
-5.08106
-1.75042
-1.09096
-0.629143
0.097248
0.677352
0.485631
-0.0185049
0.127058
-0.203162
-0.727939
6.05736
0.835526
4.22155
-1.3352
-0.485269
-0.0937939
-1.21049
-2.96325
-0.142802
1.01544
-3.8138
-0.598057
-0.545215
0.193154
4.4013
-2.10136
0.720242
-0.936752
0.658933
-3.04355
0.771736
-2.89481
-0.569863
-3.31512
2.47923
-0.418206
-1.42889
-0.431127
-0.328324
-0.652442
-0.253279
-1.46622
-1.9226
0.262188
0.155738
-2.47741
-0.654366
0.792954
0.355757
0.631358
-0.482439
0.814669
-1.1148
0.05711
-3.8713
0.641254
2.36357
0.367217
10.7456
-0.0649113
0.0764201
-3.048
-0.462061
0.272829
-1.02645
0.359889
3.89475
0.163807
2.37648
-0.0413926
0.692952
1.92841
-2.09939
0.329496
0.592661
1.18996
-1.98933
0.241712
-0.914366
0.00373718
-0.220572
-1.13963
0.223415
-0.422004
1.0908
1.08043
0.722507
2.36311
0.398262
-0.144319
0.998701
-0.208986
-0.0125496
-0.404813
-0.0239978
-0.0117294
0.291804
1.89218
-0.957916
0.674915
1.15914
-4.23987
2.80312
0.368989
0.00892224
-0.932528
-1.50251
0.16068
2.83038
-0.399793
-4.37995
-1.37511
2.18992
-2.08734
-0.207851
0.114408
-0.403341
0.0748369
-2.31918
-0.534236
-3.77538
-0.104971
-0.0622907
0.743061
-0.0603006
0.0412994
-0.653279
6.54689
-7.23455
4.12816
-3.38072
0.987761
3.11179
2.88996
0.447226
-5.51038
3.15954
-0.651548
-0.0959086
-0.260597
0.337703
-0.284645
0.669343
0.180881
-0.66111
1.28017
-0.575185
-0.18826
1.09734
-4.34462
0.636574
-0.553914
0.274185
-0.0071568
-5.54262
3.3587
-0.405999
3.31951
-3.74581
-1.46619
0.149934
-2.21267
0.191088
4.89333
0.610636
-0.160659
-4.03125
-0.423986
-0.0390877
-0.400767
-1.49117
0.0566518
1.91943
-0.749047
1.61478
-0.89241
-0.117899
-0.878777
0.503601
2.10254
1.64126
2.9542
1.73148
-0.0453407
0.893153
0.689862
-0.416195
0.415853
2.90997
-3.81403
0.498264
0.541303
2.05757
4.99449
0.766134
0.158639
-0.800059
0.690272
-0.424225
0.408293
0.804844
0.191439
-7.12778
-1.66429
-0.209406
1.0333
-0.204444
-2.64548
-7.21173
0.817701
5.78804
0.609437
0.857496
-1.85433
-0.626733
0.103577
-0.56998
0.0628184
-0.766499
1.18259
0.072603
-0.310169
0.115306
-1.44002
1.96814
1.55323
0.0824332
-2.00264
0.224237
2.07136
0.472114
-1.65836
-1.00893
-0.570736
-0.737446
1.65063
-1.93609
-0.968919
-2.09438
1.4251
1.18241
-0.976812
0.338675
0.701848
-3.74076
5.27464
-1.57063
-0.721424
0.537397
0.276899
1.08235
5.81393
1.84775
0.470981
1.81573
-6.43836
-2.35499
-1.82783
-0.796563
-0.276126
-0.763746
1.76616
-0.489679
0.0511269
-0.691595
-0.819285
6.23737
0.785068
4.12193
-0.726813
0.203975
-0.671766
-1.74883
-3.4611
0.265739
1.12
-2.16475
-0.440005
-2.45022
-0.647999
4.78564
-3.14062
0.868842
-0.319395
-0.288042
-2.3412
0.327824
-1.93515
-0.797298
-3.42463
3.86086
-0.743783
-1.53227
-0.496921
0.60026
-1.25073
-0.195848
-3.30129
-1.93489
0.257788
0.54172
-1.62213
-0.805164
1.36632
0.560283
0.60832
-0.900146
0.513424
-1.01613
0.333058
-2.79463
0.254437
2.67728
0.0100357
12.2019
0.0127865
1.00674
-2.31939
-0.142421
0.368906
-0.330669
-0.375299
2.55978
0.626185
3.64453
-1.32406
-0.640858
1.98067
-1.32244
-0.0977277
0.837816
1.02316
-1.8619
-0.309325
-0.654497
0.516412
-1.66156
-1.74816
-0.492912
-0.401519
1.63424
1.18112
1.0499
2.9975
1.20558
1.15288
0.6442
0.453118
-0.0365629
0.110838
0.526886
-0.871066
0.0942903
2.31305
-0.747744
0.617463
0.751
-3.9317
3.00278
0.74803
0.109106
-0.285892
-1.27281
1.05461
3.23927
0.036542
-4.13986
-1.38547
3.53687
-2.26244
-0.597114
-0.647386
0.613273
0.577169
-1.04444
-0.138943
-3.83253
-0.364717
0.0589608
1.9409
-0.969637
0.173289
0.709231
6.03415
-9.64646
3.86691
-6.72209
1.10966
2.35275
2.60095
0.282196
-4.89085
3.88854
-1.1984
0.777072
-0.421212
0.875193
-0.732958
-0.101873
0.60799
0.654781
1.78327
-0.328769
0.0264946
0.315482
-4.78039
-0.445656
-0.236544
0.016048
-0.221437
-5.12417
3.14898
0.0148518
4.03807
-3.06031
-1.11299
0.632359
-2.58304
-0.272806
4.65311
-0.539605
-0.388665
-4.81024
-0.375036
-0.0146375
-0.388856
-1.55738
0.0899063
2.08076
-0.909208
0.64031
-0.397839
-0.0426932
-0.528628
-0.400167
2.3159
1.43391
2.10428
2.12095
-0.164319
0.784596
-0.23037
-0.845848
0.671039
4.39571
-3.89196
-0.00628852
0.913815
2.27943
3.47696
0.995232
-0.881118
-0.997204
1.45318
0.257481
0.160994
0.522116
0.0172565
-6.32311
-0.303007
0.045045
-0.154467
-0.254692
-2.40948
-7.39695
0.50344
6.06935
-0.569317
1.02306
-1.90605
0.718693
0.525342
0.0690025
0.0859172
-0.00491694
1.51483
0.574571
-0.266164
-0.44487
-3.74368
2.06967
1.59673
0.106512
-1.2944
1.1691
3.09151
0.536945
-0.751688
0.643229
0.191685
-0.876076
0.919222
-3.68979
-1.07511
-1.61207
1.6482
2.87447
-0.239862
0.498035
-0.0287147
-2.65844
3.78484
-2.27294
-0.52252
1.26723
0.364162
1.229
4.52198
2.07383
0.707353
1.90088
-5.75482
-1.81603
-1.49065
-0.379337
-0.156032
1.19481
0.793193
0.810414
0.434982
-0.0215535
-0.913415
7.65924
0.805823
4.81248
-0.902972
0.252719
-0.577536
-1.49856
-3.30396
-0.0197263
0.304725
-4.78737
-0.153645
-1.78154
0.465412
5.24259
-2.31003
1.1316
-0.89356
0.263273
-2.35902
-0.0686385
-3.97724
-0.933016
-3.72355
3.73701
-0.877981
-1.48048
-0.0214533
0.81442
-0.928657
-0.167389
-1.86654
-1.80528
0.245766
0.495285
-0.898574
0.0224764
0.521127
0.16395
1.0164
-0.110465
0.638205
-1.64999
-0.407679
-2.8898
-0.178255
3.23611
0.336227
11.4364
0.0539892
-0.209088
-1.55871
-0.818425
-0.458358
-0.499767
0.230951
2.85998
0.157517
3.10949
-1.0725
0.920279
2.05247
-0.768808
0.0648813
0.696834
1.41421
-2.18677
-1.0149
-0.547118
-0.258896
-1.46099
-0.88299
0.298725
-1.06018
1.24451
0.942799
0.961839
2.02417
1.11297
0.554442
0.73288
0.519203
-0.48581
0.561861
-0.355295
-0.13897
-0.0645144
2.92974
0.0245943
0.96058
1.25337
-3.97609
2.63199
0.786552
0.0651601
-0.13874
-2.02415
0.222222
2.91206
-0.375522
-4.51596
-1.76852
4.50821
-2.33826
-0.40804
-0.255838
0.894822
0.667958
-2.16829
-0.655027
-3.15315
-0.101384
-0.364534
0.502851
0.357709
0.0216567
-0.179497
5.40379
-8.22201
3.69512
-5.84506
1.42035
2.35244
2.83839
-0.870917
-6.01644
3.76572
-0.560854
-0.171702
-0.558764
0.430192
-0.552399
0.750504
0.00683716
0.111857
1.15245
-0.906397
-0.152597
0.440279
-4.25365
1.04388
-0.356305
0.487333
-0.0168584
-5.28547
3.21203
0.334322
3.30156
-3.6973
-1.51485
0.10283
-2.2735
0.384421
4.73908
0.479187
-0.193994
-4.46402
-1.25164
-0.0939429
0.943699
-2.34751
0.283367
1.99982
-1.0493
1.3268
-0.29233
-0.0505413
-0.53522
-0.419651
2.33726
0.988762
2.24274
1.03518
-0.0408455
-0.0204832
1.1366
-0.646816
-0.939402
3.44061
-2.59444
0.819088
0.752711
1.72435
2.89202
0.480199
-0.0564807
-0.673993
0.884561
-0.808397
0.771832
0.983528
0.518219
-5.13432
-1.11469
-0.0745603
0.781878
-0.884453
-2.67503
-6.23282
0.0999147
6.63673
0.0813214
0.602295
-1.28567
0.783493
-0.113587
-1.46557
-0.300749
-0.4231
1.19741
1.0006
-0.349898
0.34213
-1.97463
2.08323
1.0495
-0.247646
-2.15215
-0.538803
1.81709
1.06803
-1.3866
-1.09058
-0.635217
-0.625698
1.29416
-3.45675
-0.26031
-2.13363
1.49903
2.87464
-0.566815
-0.00991063
0.139873
-2.23327
3.98366
-1.88878
-0.277185
0.854133
0.756229
1.05379
4.81633
2.14875
0.825741
1.93875
-4.7736
-1.90745
-1.06659
-0.0478668
0.543325
0.768566
1.55408
-0.23844
-0.17108
-0.365981
-0.53456
6.1825
1.00624
5.31512
-1.11249
0.440007
-0.211679
-0.911232
-3.67826
0.00688187
1.06348
-3.74628
-0.66289
-2.39873
-0.287013
4.96761
-2.66988
0.691267
-1.34745
-0.558149
-2.6372
0.497186
-3.46307
0.275685
-3.90743
3.35245
-0.303165
-1.0862
-0.0301622
0.337393
-1.27094
-0.212152
-3.29637
-2.10023
0.254346
0.514635
-1.67004
-0.537072
1.65181
0.753978
0.79405
-0.889008
0.422504
-0.590306
0.278657
-2.80775
0.151499
2.41808
-0.297706
10.6284
0.0254664
0.792848
-2.52858
-0.277772
0.628106
-0.424534
-0.213325
1.5947
0.549161
4.18189
-1.08472
-0.515758
1.85845
-1.20113
-0.17055
0.798272
1.01813
-1.57874
-0.209921
-0.698229
0.570094
-1.64786
-2.28557
-0.243711
-0.390927
1.47466
1.15468
0.968951
3.15065
0.952718
1.21393
0.608726
0.558228
-0.0574237
0.0403345
0.597161
-0.834291
0.143484
2.17794
-1.05908
-0.20314
0.900765
-3.28564
3.01026
0.500166
0.118877
-0.331971
-1.22724
1.13714
3.22887
0.100504
-3.74756
-1.32452
3.62898
-1.9476
-0.799852
-0.59911
0.273852
0.64347
-1.2451
-0.107304
-4.08063
-0.389077
0.00957944
1.85572
-0.673576
0.20053
0.443708
6.38667
-9.26694
3.40938
-5.85255
1.22878
2.56753
2.56402
0.314498
-3.8807
2.95178
-1.21261
0.535384
-0.443949
0.884826
-0.72436
-0.185301
0.584241
0.516199
2.22162
0.0272852
0.0448685
0.279519
-5.12592
-0.453809
-0.234853
-0.0292475
-0.259093
-4.46056
2.19552
0.251059
4.0073
-2.52349
-0.663853
0.509921
-3.19482
-0.276697
4.39058
-0.724291
-0.572926
-5.14296
-0.357426
-0.128049
-0.363988
-1.34479
0.0481099
2.11758
-0.865993
0.409216
-0.247941
-0.0248352
-0.582664
0.460517
2.69335
1.81705
1.97649
2.26753
-0.191991
0.968587
-0.122333
-0.88463
0.625534
4.42409
-3.65483
0.0962052
1.00965
2.5247
4.62255
1.23839
-0.191905
-0.90099
1.64047
0.311134
0.195088
0.716952
-0.0492249
-7.46799
-0.140886
0.158188
-0.202433
-0.259431
-1.96171
-8.23943
0.854984
5.37956
-0.580671
0.816941
-1.57818
0.787898
0.655952
0.289395
0.0956214
0.220698
1.40747
0.424544
-0.627613
-0.270708
-3.53132
1.88306
1.33698
0.123773
-1.10269
1.49405
2.98652
0.49652
-0.654356
0.573769
0.195418
-0.931697
1.05774
-4.06539
-1.06799
-1.47622
1.793
2.56492
-0.281265
0.487374
-0.0494635
-2.37621
3.32635
-2.12932
-0.549103
1.15216
0.55027
1.40515
4.21475
1.26635
0.752277
1.48917
-6.4745
-1.60025
-1.56281
-0.153386
-0.0875096
1.32486
0.461768
0.802602
0.460192
-0.0932952
-0.80346
6.628
0.827441
3.97413
-1.03128
0.205162
-0.522356
-1.26629
-2.57632
-0.0432446
0.0663651
-4.86953
-0.11942
-1.55102
0.289745
5.24295
-1.84368
1.05637
-0.81824
0.178793
-2.48406
-0.0537413
-3.63846
-0.728894
-2.69595
3.57225
-0.860151
-1.56353
-0.0605977
0.67432
-1.37368
-0.0147883
-2.45156
-1.97461
0.120854
-0.603488
-1.49344
-0.0906254
1.25952
0.257326
0.981417
-1.1567
0.365183
-0.235968
0.169711
-1.64809
-0.703167
2.36409
-0.547003
8.98193
0.0843468
0.357573
-2.04421
-0.561478
-0.314427
-0.77512
-0.673375
1.81445
0.19467
2.98167
-0.501226
0.206171
1.75511
-0.110345
-0.0771376
-0.0647634
1.34763
-1.62119
-0.240905
-0.34426
-0.701957
-1.55308
-1.97314
-0.452223
-0.527104
0.621829
0.428579
0.720574
2.24767
1.52711
1.2682
0.538557
0.470958
0.212214
-0.165877
0.781259
0.888568
-0.10108
0.967162
-0.500971
0.362325
0.723191
-3.39125
2.45632
0.127498
-0.00386823
-0.240507
-1.6616
0.218373
2.54917
-0.967063
-4.15146
-1.26323
3.97038
-2.0682
-0.319446
0.57632
-0.612046
1.3591
-1.65843
0.558855
-4.4303
-0.468073
-0.384248
0.140586
-0.497036
0.107163
0.143732
6.48601
-9.16995
3.83223
-7.30443
1.24111
2.67591
2.42786
0.473412
-1.71599
1.71564
-0.592625
-0.141886
-0.149848
0.980052
-0.230198
-1.02834
0.878902
-0.325919
2.31606
-1.16704
-0.528368
0.764631
-4.61291
-0.439918
-0.0509286
0.317185
-0.158627
-3.86179
2.2332
0.38021
3.26845
-2.70948
-0.800642
0.251031
-2.6086
-0.19255
3.72275
-0.688413
-0.628206
-4.91028
-1.17554
0.152866
-0.46315
-1.03386
0.672163
1.46311
-0.764084
0.730967
-0.398239
-0.23261
-0.107618
1.50123
3.57541
1.32168
1.56247
2.24814
0.179304
0.971246
0.354722
-0.240009
0.183257
4.32826
-3.21174
-0.0875111
-0.251766
1.14291
5.8162
0.810326
0.512998
0.222808
2.09343
-0.397337
0.387468
1.06059
-0.0763206
-9.49483
-0.871027
-0.102858
0.345398
-0.438871
-1.93431
-9.01112
1.02952
4.8115
-0.437626
0.946022
-3.74903
-0.735597
0.501115
0.350132
-0.0592363
-0.0342069
1.34608
0.420637
-0.640413
-0.928486
-2.17178
1.28023
0.526959
0.000620838
-0.521662
1.51916
2.88123
1.68981
-1.12797
-0.771105
-0.114364
-1.40647
2.07403
-4.8716
-0.6745
-0.998932
1.4554
2.63501
-0.290372
-0.484029
0.0386046
-3.52113
3.20998
-1.50521
-1.00302
0.885621
0.784915
0.217759
3.97431
0.537239
0.545505
1.28505
-6.94389
-2.21792
-2.84825
-0.041726
0.163242
0.815267
0.976688
1.38899
-0.0767353
-0.336079
0.316823
7.269
0.677887
3.5903
-0.984817
-0.431823
-0.48662
-0.652647
-1.80053
-0.14535
1.10262
-4.07909
-0.223953
-1.53581
0.1335
3.5952
-2.0062
1.81356
-1.18729
0.724984
-3.58019
0.8746
-2.75238
0.399517
-2.67047
1.97166
-0.192545
-1.22221
0.641971
0.654433
-0.421491
-0.336804
-1.55968
-2.68795
0.199369
0.449399
-1.40348
0.0550496
0.671831
0.171735
1.50922
0.0183567
0.606047
-1.68657
-0.337163
-3.71619
-0.522964
1.63285
0.227954
10.6754
0.0344469
-0.316174
-2.2723
-1.12945
-0.318917
-1.43138
0.38894
3.59163
0.152167
3.32062
-1.0618
0.817102
1.58336
-1.56155
0.189626
0.776783
1.64429
-1.98417
-0.907843
-0.780555
0.00885007
-0.496597
-1.45675
0.592871
-1.01013
1.93849
0.95002
0.797506
3.43495
0.962856
0.656882
0.673894
-0.0541412
-0.487378
0.65185
-0.170891
-0.241437
0.402576
3.14154
-0.15813
1.63685
1.18386
-3.93573
3.0271
1.04383
0.0629472
-0.329723
-1.45861
0.216775
2.42101
-0.312874
-5.19053
-1.14012
3.37881
-1.95688
-0.593259
-0.265516
1.89668
0.911471
-3.1504
-0.638217
-2.73654
-0.0827919
-0.362582
0.187135
0.407572
0.0401983
-0.810087
5.42631
-5.34815
4.27524
-7.06848
1.58958
2.46768
2.78233
-0.87052
-4.06438
3.64212
-0.359677
-0.23199
-0.623317
0.437472
-0.359634
0.724353
-0.0160379
0.0295912
1.12074
-1.06026
-0.106547
0.541858
-4.6693
0.503033
-0.427831
0.762721
-0.0199803
-3.34147
3.37379
0.523863
3.34299
-3.16687
-1.91338
0.0653899
-2.10462
0.437256
5.05664
0.404405
-0.195838
-3.11711
-1.74668
-0.382244
0.778709
-2.22204
0.187977
2.37598
-1.00454
1.17158
-0.425906
0.110463
-0.628098
1.20314
3.39444
0.778493
2.82926
0.690491
-0.208565
0.0485906
1.03607
-0.573022
-0.859854
2.48435
-3.14976
1.07627
0.842251
0.970061
2.65199
0.460274
0.110123
-0.878445
1.06589
-0.667278
0.850326
1.68094
0.312746
-6.45385
-1.37058
-0.0596794
0.932706
-0.770603
-3.40462
-7.80123
-0.147573
5.50184
0.0175869
-0.55227
-1.93203
0.80761
-0.0809958
-1.31619
-0.224653
-0.00415395
1.35781
0.614683
-0.431243
0.79519
-1.35858
2.36777
0.706128
-0.21364
-2.11879
-0.892335
0.913929
1.39923
-1.17018
-1.09919
-0.409925
-0.528453
1.96077
-4.22164
-0.164408
-2.00254
1.16064
3.38659
-0.653393
0.0837739
0.110776
-1.8616
4.29975
-2.33338
-0.406525
0.950517
0.728363
1.31276
4.45591
1.65538
0.795695
1.90357
-6.25774
-1.58128
-1.39637
-0.00958985
0.556212
0.805122
2.07865
-0.191774
-0.209533
-0.527147
-0.602574
6.14434
0.895628
3.86958
-1.16407
0.522993
-0.15261
-1.02068
-2.83494
0.037442
0.861534
-4.42663
-0.70626
-2.45529
-0.439197
4.90797
-3.16014
0.635329
-1.14001
-0.539729
-4.1846
0.447301
-3.37372
0.605179
-4.45969
3.77037
-0.218332
-1.16679
-0.0465561
0.848906
-1.18145
-0.105421
-2.85341
-1.34407
0.58089
-0.631193
-0.995963
-0.838947
0.477595
0.212376
-0.304674
-0.371446
0.619238
-1.5197
-0.246662
-3.13835
0.845148
2.40243
0.924879
10.9998
-0.0522524
0.101938
-1.34392
-0.597898
0.160985
-0.374442
0.130158
4.46578
0.617744
4.71757
-1.11687
-0.521627
2.15109
-1.70304
0.201062
1.04198
0.909515
-2.78296
-0.388908
-0.154174
0.165304
-1.12771
-0.997873
-0.352876
-0.886241
0.760732
1.57981
0.746294
2.5439
1.46557
0.598557
0.480008
0.0269271
-0.769814
0.578824
0.43642
-0.818922
0.178926
3.06631
-0.765081
1.64326
-0.166932
-4.72918
3.38406
0.716749
0.0879775
-0.160194
-1.11408
0.984611
3.04986
-0.324167
-5.85292
-2.37445
5.00515
-2.96606
-0.652228
-0.933624
0.781384
0.120919
-2.23592
0.435183
-4.19635
-0.134082
0.23906
0.812322
-0.530182
0.0649805
0.459305
6.135
-7.84735
4.32515
-6.46147
0.63599
1.9919
3.20361
-0.802427
-7.98501
4.46202
-0.948511
0.761068
-0.282879
-0.0764567
-0.671498
1.06721
0.114997
0.324884
1.94397
-1.01326
-0.147574
0.901764
-3.1996
0.223142
-0.989594
0.0800532
0.0156572
-4.81185
3.454
-0.213107
3.07588
-4.2187
-0.970921
0.194994
-2.60099
0.230027
4.3599
0.952817
-0.304541
-4.94655
-0.584561
0.184966
-0.0829401
-2.44317
0.135341
2.02222
-0.960464
1.47086
-0.794328
0.380628
-1.27618
-1.09799
1.80458
1.52
2.71471
1.39287
0.211873
-0.0459979
-0.0229062
-0.617046
-0.879363
3.54305
-3.96076
0.543622
1.28746
1.702
2.56568
0.275031
-0.723984
-1.24947
-0.066014
-0.296903
0.295924
0.847419
0.779753
-6.26498
-0.73594
-0.195755
0.721863
-0.215918
-2.56446
-6.77953
-0.104222
7.66605
-0.712543
0.965127
-1.48635
1.0426
-0.270621
-0.725938
0.0664509
-0.728642
0.978207
0.930129
-0.345279
0.231425
-3.24504
2.15158
1.72022
-0.268937
-1.07174
-0.117405
1.83312
0.0165741
-1.2832
0.747578
-0.0612399
-0.461658
0.478255
-3.04355
-0.65665
-1.96751
0.533439
2.4123
-0.599457
0.0940145
-0.547387
-2.93436
4.7349
-2.60404
0.0774308
1.36898
-0.524111
1.21918
4.59782
2.90964
0.875938
2.34733
-5.93057
-2.14292
-1.81043
0.295605
-0.054197
0.219802
2.07212
0.25257
0.137061
0.0260494
-1.10105
7.01972
-0.382844
4.75966
-0.905807
1.04178
-0.687083
-1.26079
-2.4093
0.00876317
0.947889
-5.22819
-0.945361
-3.32612
-0.889722
5.44298
-2.74945
1.49863
-0.37341
-0.553191
-1.9548
-0.52077
-3.39275
-0.541332
-3.59549
4.54229
-0.398175
-1.49168
-0.436236
0.35139
-0.919268
0.378097
-2.77885
-2.16364
0.220163
0.0975134
-1.8267
-0.78605
0.938639
0.631022
0.630182
-0.261042
0.534235
-1.28834
0.419111
-3.06834
0.168111
2.73825
0.510805
10.5917
-0.196543
0.59292
-2.26338
-0.352681
-0.262781
-0.761645
0.0968156
3.63306
0.32691
4.15601
-1.09444
-0.426279
2.28738
-2.80704
-0.0212675
0.400411
1.28333
-2.33402
-0.512705
-0.257404
0.978312
-0.905437
-1.7515
0.0409017
-0.885137
0.838693
0.788248
0.747026
2.88847
0.552735
0.695899
0.319292
0.176562
-0.320572
0.281189
0.756602
-0.675612
0.524188
2.79669
-0.48967
0.458965
0.848848
-3.65826
3.51057
0.461165
0.268598
-0.0437624
-0.731378
0.953851
3.36526
-0.678755
-4.82295
-1.45596
4.1408
-2.19649
-0.65414
-0.558485
1.21401
0.640343
-1.80047
-0.230236
-4.98093
-0.114394
-0.059675
1.39513
-1.01117
0.125111
0.18768
7.7491
-7.99233
3.52825
-5.74784
0.9246
3.0802
3.76358
0.112804
-6.3797
3.38526
-1.25627
0.467052
-0.391229
-0.00620496
-0.791906
-0.285715
0.378215
-0.0356097
1.56239
-0.660381
-0.0140342
0.828555
-4.40724
0.269198
-1.1233
-0.0745012
-0.046748
-4.76058
2.47173
0.337829
3.78685
-3.39235
-0.988656
0.698309
-3.86205
0.108283
5.07524
-0.550583
-0.563981
-5.82832
-0.1895
-0.183141
-0.156409
-2.27057
0.23379
1.57474
-0.096888
0.732546
-0.3342
0.13751
-1.08807
-0.131762
2.87001
2.06293
3.16894
1.40326
-0.543642
0.692298
0.68387
-0.967493
-0.576099
3.12864
-4.01936
0.482141
1.16843
1.69699
5.09106
0.85506
-0.00734548
-1.01248
0.509538
-0.0588351
0.26835
0.998065
0.203091
-7.41488
-0.891476
-0.224331
0.734708
-0.504719
-2.32075
-7.84317
1.53145
6.53871
-0.204592
1.07887
-1.03412
0.896556
0.223489
-0.651394
0.0533878
0.15126
0.684426
0.571099
-0.277456
0.1239
-3.05007
2.33305
1.64226
-0.0694794
-1.63305
0.447813
1.72973
0.51013
-1.35009
0.563762
-0.195779
-0.701886
1.39925
-3.85104
-1.21551
-1.95848
1.63224
2.55268
-0.894195
0.595757
0.0245636
-3.52161
4.55423
-2.01728
-0.213464
0.724318
-0.100064
1.43916
4.17717
1.84239
0.978667
1.82002
-6.69345
-1.92816
-1.66575
-0.441046
-0.140845
-0.00344181
1.20335
-0.376091
0.526844
-0.366719
-1.22781
6.2333
-0.0964689
3.90874
-1.0438
1.01587
-0.345202
-1.12586
-3.20447
-0.0250155
0.295871
-4.9353
-0.0311925
-2.65166
-0.827547
4.80824
-2.92759
1.52307
-0.712848
-0.650383
-3.18444
0.0946107
-3.31108
-0.0898462
-3.47728
3.77434
-0.90469
-1.66036
-0.388265
0.746138
-1.13883
-0.13802
-2.12581
-1.5144
0.574308
-0.632238
-1.23545
-0.835351
0.423501
0.223751
-0.211847
-0.322392
0.508911
-1.09624
-0.212363
-2.79685
0.721753
2.67899
0.909099
12.1528
-0.0166054
0.0539219
-1.38966
-0.8288
0.201226
-0.606695
0.0896306
4.24963
0.587701
6.21345
-1.0626
-0.494676
2.10752
-1.49499
0.102418
0.911826
0.790588
-2.46664
-0.263561
-0.181499
0.157249
-1.32173
-0.988271
0.1558
-0.875266
0.898809
1.57157
0.843021
3.17945
1.42037
0.689259
0.475769
0.153248
-0.764675
0.380184
0.509668
-0.776984
0.195625
2.77191
-0.76525
1.5407
-0.0721394
-5.19331
2.96498
0.804651
0.0995904
-0.211246
-1.25482
0.988777
2.7771
-0.267185
-4.46925
-2.0565
4.45414
-2.40229
-0.76834
-0.930027
0.933556
0.176335
-2.57334
0.475418
-3.39938
-0.150374
0.202303
0.510205
-0.421321
0.0525548
0.389658
5.60731
-8.24986
5.28332
-7.21237
0.669265
2.185
2.85399
-0.796946
-3.13522
4.75834
-0.859382
0.693984
-0.32037
-0.0393953
-0.531179
1.07612
0.0459192
0.240521
1.8788
-1.33454
-0.132852
0.865033
-3.44063
0.225157
-0.981165
0.0483018
0.0406603
-4.6776
3.55123
0.0573548
3.16217
-3.76343
-1.07662
0.191489
-2.67003
0.227996
3.30855
0.949506
-0.355914
-4.30364
-1.23315
0.16375
-0.0394856
-2.20924
0.253925
1.9588
-0.92566
1.29286
-0.801234
0.398311
-1.33067
-0.359124
2.05191
1.52281
2.81031
1.41785
0.199625
-0.0106479
0.0491669
-0.617275
-0.703482
4.31332
-3.16742
0.59704
1.31303
1.77817
2.28786
0.436518
-0.430806
-1.33959
0.0388666
-0.314691
0.263744
1.31013
0.579742
-5.97856
-0.761193
-0.188655
0.757404
-0.181134
-3.11676
-8.2353
0.0763405
7.78195
-0.630192
0.742484
-2.12319
1.01002
-0.291465
-0.741548
0.0836009
-0.694678
1.4954
0.700544
-0.450329
0.407478
-3.28101
2.24487
1.56694
-0.31665
-1.09126
0.226313
1.68947
0.0247544
-1.1965
0.723455
-0.0294863
-0.446758
0.621149
-3.22727
-0.577214
-2.01438
0.322943
2.84396
-0.637607
0.124587
-0.538949
-2.80355
5.06171
-2.64736
0.140354
1.40138
-0.511822
1.48477
5.2719
2.19481
0.795634
2.49163
-6.45962
-2.07633
-1.68938
0.312565
-0.0213554
0.371544
2.07088
0.282165
0.143505
0.0717262
-0.974507
7.32876
-0.344053
3.85755
-0.968303
1.02843
-0.722642
-1.30811
-2.29541
-0.00018052
0.546618
-6.63546
-0.975845
-2.61312
-1.01429
5.26259
-2.50086
1.42051
-0.320546
-0.618911
-1.81872
-0.537323
-3.66009
-0.52435
-3.15634
3.40407
-0.415537
-1.6049
-0.454548
0.858025
-1.18757
0.129632
-3.18855
-1.52648
0.530166
-0.295355
-0.932444
-0.764357
0.864682
0.0792255
0.284149
-1.09649
0.339741
-1.25295
0.194714
-2.0199
-0.675082
3.08873
-0.613424
11.6709
0.0221309
0.301091
-1.01385
-0.166999
-0.291089
-0.593071
-0.7383
3.22444
0.312119
5.11107
-0.728085
0.205854
2.44217
-0.629668
-0.0167685
-0.120037
1.36802
-1.95651
-0.180706
-0.340426
-0.59847
-0.985031
-1.6303
-0.878406
-0.445263
0.613784
0.616021
0.745038
2.0712
2.03391
1.2708
0.347852
0.230556
0.145785
-0.111184
0.932911
0.630846
-0.180746
3.87501
-1.99059
1.24805
0.766952
-4.06212
2.43378
0.178088
-0.00582353
-0.370372
-1.25083
0.29316
2.81116
-1.07273
-5.88081
-2.55677
4.95848
-2.51151
-0.385427
0.464874
-0.0157565
1.34909
-1.8817
0.632206
-5.42357
-0.689564
-0.326116
0.884533
-1.01446
0.0200546
0.22241
6.60465
-9.72575
3.91592
-7.0213
1.02505
2.11786
3.0823
0.245941
-5.98
2.74672
-0.541322
0.0371011
-0.0944814
0.739371
-0.302727
-0.925381
0.81576
-0.569164
2.46239
-1.13639
-0.449838
1.05255
-3.50201
0.162928
-0.0852594
0.551877
-0.0816997
-5.10764
2.25831
-0.314314
3.19521
-3.27808
-0.869222
0.103281
-3.27323
-0.214184
4.28931
-0.0124343
-0.807532
-5.56806
-0.771347
0.473638
0.0494233
-2.64662
0.58099
1.27351
-0.712206
1.02523
-0.471651
-0.103227
-0.240033
-0.0164685
2.22133
1.8381
1.81478
1.84796
0.0929623
1.0453
0.121615
-0.326493
-0.00272202
4.67259
-3.86546
-0.044384
-0.197796
2.24116
5.02421
0.190407
-0.24018
-0.0831132
0.86527
-0.513409
0.28366
0.6479
0.0891729
-8.6217
-1.31878
-0.0773016
0.420118
-0.0587614
-2.06714
-7.79476
0.325811
7.72766
-0.389307
1.60523
-2.18113
-0.406485
0.352181
-0.221483
0.192019
-0.179026
1.1242
1.08803
-0.25547
-0.563984
-3.28575
1.57801
0.837071
-0.0461806
-1.30006
0.701301
2.43951
1.02931
-1.05256
-0.510253
-0.21068
-1.14811
0.863373
-3.74756
-1.37906
-1.20498
1.25537
1.36548
-0.992342
-0.499968
-0.341811
-3.83559
3.68655
-2.14216
-0.720739
1.12334
0.614892
0.3755
4.73269
2.19484
0.773985
1.9544
-6.13621
-2.73778
-2.44368
-0.0152463
0.47804
0.768306
1.30298
1.35639
-0.0582677
0.0163097
-0.786384
6.70026
0.498313
4.34069
-1.03243
-0.184621
-0.338364
-1.66587
-2.51314
-0.126996
1.54033
-5.69065
-0.402015
-2.19966
0.105357
5.50791
-2.91402
2.63924
-0.920261
0.352656
-2.29408
0.368592
-3.36424
0.267412
-2.03844
3.26589
-0.123637
-1.09705
0.69557
0.868731
-1.31658
0.335966
-2.34063
-1.72761
0.268257
-0.473785
-1.96275
-0.0971085
1.73498
0.502426
1.44151
-0.943179
0.21115
-0.462303
0.199212
-2.45669
-0.785466
2.54638
-0.436788
10.5615
-0.117005
0.172268
-1.78059
-0.582001
-0.509101
-0.586375
-0.619482
0.845457
0.279794
5.20856
-0.224942
0.382584
1.66113
-0.710499
-0.334309
-0.126638
1.46592
-1.92318
-0.2782
-0.159395
-0.434253
-1.17544
-1.69188
0.0599746
-0.466206
0.512362
0.603465
0.511252
2.32735
1.13479
1.26192
0.238667
0.208053
0.201694
0.0720543
0.700963
0.938514
0.16515
1.94522
-1.48611
0.0119299
0.971166
-3.33092
2.1879
0.449027
0.0321875
-0.379851
-1.16312
0.406118
2.5177
-1.0753
-4.03298
-1.09688
3.61475
-1.74563
-0.391951
0.636726
0.361789
1.24821
-1.85223
0.334587
-2.95116
-0.377169
-0.334734
1.12476
0.0461239
0.101426
0.367971
6.07461
-8.80953
3.60973
-5.07854
1.47628
2.6219
2.12846
0.588075
-6.27703
2.5596
-0.93972
-0.173135
-0.199408
0.654871
-0.44892
-0.969402
0.882373
-0.688126
2.3504
-0.60594
-0.473293
0.938016
-5.07386
-0.28789
-0.0642251
0.293561
-0.0378001
-3.87608
2.13013
0.389248
5.02984
-2.59109
-0.792709
0.1678
-3.22037
-0.0922061
4.27293
-0.416958
-1.1412
-5.9332
-0.274629
-0.0243458
-0.667695
-1.15935
0.661158
1.32223
-0.428815
0.936371
-0.226512
-0.349
-0.183122
0.982383
2.626
1.46123
1.76527
1.74217
0.10278
0.911232
0.396099
-0.410009
-0.132403
4.70896
-2.75313
-0.128273
-0.224703
2.1794
4.31914
0.767528
0.403379
0.077981
1.45074
-0.434091
0.335606
0.903983
-0.0579448
-6.99404
-1.36512
-0.0249762
0.0996196
-0.611254
-1.61809
-10.2991
0.923803
5.71303
-0.290036
0.799554
-1.60123
-0.103422
0.798857
-0.287517
-0.17285
0.256994
1.79506
0.250433
-0.802379
-0.185052
-2.28638
1.42442
0.830928
-0.0129907
-1.22347
0.751796
2.3794
1.06875
-1.13852
-0.392818
-0.239796
-1.15279
1.05414
-3.50372
-0.787162
-1.41409
1.23052
2.34896
-0.989743
-0.0985804
-0.0829552
-2.02914
2.98912
-1.85594
-0.811155
0.783646
0.747447
0.479677
3.5339
0.940362
0.802687
1.55246
-5.20329
-1.34316
-1.50281
-0.00721953
0.3399
1.00051
0.469309
1.14639
0.253404
-0.28207
-0.109224
6.03949
0.533743
3.79138
-0.901429
-0.25205
-0.298829
-0.880149
-3.33912
-0.0198131
1.05802
-3.84802
-0.0975161
-1.80198
0.0801072
5.50374
-1.93008
1.44088
-1.14597
0.432469
-2.51846
0.545771
-3.26096
0.27301
-3.1134
3.57978
-0.262098
-1.22728
0.730238
0.660223
-0.0888149
0.025391
-0.194033
-0.473963
0.015277
0.0744924
-0.0749857
-0.00990693
0.192575
0.262394
0.81166
-0.69846
0.0273107
-0.893391
0.0324637
-0.167609
-0.567738
0.868018
-0.0717487
0.657848
-0.00248035
0.0363837
-0.0641669
-0.111979
-0.54814
-0.154324
-0.50956
0.576506
0.099498
0.0633665
-0.201396
0.034873
0.29494
-0.0434558
-0.0248553
-0.0488223
0.476909
-0.852982
-0.260069
-0.0280806
-0.321519
-0.292336
-0.178857
0.0318886
-0.133265
0.119318
0.309
0.327801
0.0337485
0.84515
0.814529
0.0744635
0.155011
0.00764898
0.00400684
0.0844037
0.744136
-0.0182962
0.948502
-0.795542
0.275602
0.249924
-0.452878
0.17269
0.174704
-0.00105248
-0.108761
-0.105212
0.0338377
0.0942512
-0.793656
-0.702334
-0.580405
0.987998
-0.0659061
-0.00590321
0.501323
0.601987
0.815277
-0.066564
0.15035
-0.0347102
-0.147966
-0.108058
0.40822
-0.281715
0.00645211
0.053916
0.352829
-0.206014
0.676725
-0.831978
0.537604
0.0462393
0.257783
0.52948
-0.788295
0.0572219
-0.11782
-0.0426365
-0.0940242
0.323335
-0.0211141
-0.620949
0.248265
-0.143791
0.0913325
-0.762511
-0.26592
0.513742
-0.650703
0.145472
-0.012114
-0.196269
-0.0202451
-0.118062
0.598306
0.105643
0.527897
-0.675863
-0.171022
0.000111264
-0.193816
-0.00441388
0.309528
-0.36545
-0.28008
-0.374936
-0.424967
0.00195546
0.181333
-0.396535
0.510876
0.197516
-0.0868065
0.29067
-0.00280157
-0.00858905
-0.0933232
0.218177
0.0227134
0.0471074
0.105557
0.153468
0.00746779
0.133923
0.0817365
-0.0403612
-0.735973
0.508915
-0.447118
0.0734065
-0.00766835
0.501715
0.445195
0.0386097
-0.0259304
0.0734776
0.736319
-0.103244
0.0752575
0.219342
0.12271
-0.796831
-0.739864
-0.00361857
0.00472864
-0.428309
-0.120297
-0.197213
0.174821
0.434914
-0.539557
0.0878232
-0.718424
-0.0136336
0.0402362
-0.689576
-0.0768016
-0.00548809
0.407736
0.516026
0.0640807
0.00454413
-0.589993
0.184709
0.48339
-0.0269281
-0.113704
0.201511
0.255363
0.765846
-0.113411
-0.475002
-0.128109
-0.262056
0.438417
-0.87027
-0.250991
-0.371731
0.181677
0.739794
-0.719876
-0.218733
-0.0618429
-0.111055
0.638638
-0.0161372
-0.695744
0.0620743
0.503435
0.114292
0.937002
0.35001
0.173951
0.140014
-0.642073
-0.318161
-0.84382
-0.00258883
0.513291
0.143289
0.18537
0.225521
-0.026673
-0.447099
0.137792
0.878889
0.0868029
0.403259
-0.070498
-0.0677497
-0.0279715
-0.418262
-0.113373
0.00590209
0.384438
-0.713601
-0.128612
-0.291656
-0.0185528
0.0790542
-0.569623
0.250595
-0.278172
0.868165
-0.0381779
0.542354
-0.199868
0.221631
-0.867853
0.136967
-0.0444321
-0.0167183
0.510537
-0.0656309
-0.132741
-0.02625
-0.491438
-0.275224
0.0221235
0.0075291
-0.514705
-0.0461162
0.0262652
0.0406014
-0.178594
-0.00230606
0.176469
-0.230432
0.252259
-0.157867
0.302926
0.825013
-0.179677
0.320285
0.00672738
0.149456
-0.65113
0.146998
-0.169953
-0.184547
0.0553764
0.836066
0.31382
0.585931
-0.0997377
0.0799594
0.0369087
-0.024377
0.014114
0.359329
0.198213
-0.813259
0.00154341
-0.270764
-0.0308889
-0.00332771
-0.604148
-0.0145653
0.0276842
0.340883
0.587084
0.199765
0.288227
0.148585
0.0608708
-0.0041986
-0.706898
-0.135761
0.0395022
0.290427
-0.333652
0.0851444
0.354447
-0.271273
0.203722
-0.00315047
-0.742717
0.279126
0.44617
0.0361729
-0.102152
-0.737678
0.506488
0.130721
-0.160506
-0.328055
0.0648944
0.709676
-0.563171
-0.0157275
-0.234791
0.160362
0.698041
-0.381002
0.00157054
-0.277752
-0.02444
-0.0336693
0.401074
-0.582199
0.00183305
0.353976
0.284818
-0.503345
0.205878
-0.645975
0.640277
0.610976
0.667448
-0.25387
-0.713405
0.384019
-0.123372
-0.0338209
-0.449285
0.362916
-0.102484
-0.556078
-0.135835
0.0826583
0.132423
-0.153025
-0.0599937
-0.00461335
-0.453792
0.0454961
-0.690888
0.0749606
-0.00970767
-0.266196
0.0752599
0.138676
0.265954
-0.684207
-0.303206
0.742716
-0.179918
-0.0306602
0.579996
-0.0947368
-0.566482
-0.754113
-0.360509
0.0504033
0.232388
-0.359604
-0.0122599
0.711384
-0.208847
0.560853
-0.146372
0.103005
-0.201614
-0.159326
0.566761
0.161952
0.55771
0.192173
-0.118264
-0.43464
-0.0666075
-0.481541
-0.128597
0.564405
-0.790654
0.0130918
0.439602
0.579453
0.716071
0.408853
0.0387651
-0.133351
0.0100075
-0.308129
0.211635
-0.0783502
0.257254
-0.917412
-0.097348
0.13279
0.602476
-0.0849618
-0.479402
-0.802163
0.136981
0.311017
0.495117
-0.100198
-0.768914
0.359879
-0.0512613
-0.332592
0.00357738
-0.261823
0.13209
0.0727734
0.0281863
0.0471204
-0.768648
0.124351
0.627482
0.0924192
-0.100868
-0.464008
0.486624
-0.013904
-0.274637
-0.790528
-0.00326115
-0.360058
0.361321
-0.367554
-0.30981
-0.329612
0.365389
0.665197
-0.0759665
0.00238159
-0.0837919
-0.157525
0.0295075
-0.0907494
0.00338264
0.103199
-0.0674709
0.160171
0.181327
0.486214
0.611028
0.0443627
-0.234767
-0.659383
-0.472653
0.0620186
-0.271945
-0.3285
0.290804
0.00539259
0.0490118
0.098985
-0.635161
0.893085
-0.41149
0.420034
-0.362314
-0.32635
-0.161664
-0.080874
-0.503583
0.00626651
0.0409923
-0.3069
-0.0476014
-0.0990066
-0.0815263
0.403847
-0.12651
0.1665
-0.105837
0.134808
-0.202554
0.00379774
-0.244977
-0.421581
-0.100191
0.425891
-0.841235
-0.148702
0.0104045
0.177628
-0.237433
-0.0236964
-0.549852
-0.297234
0.0105225
0.0643361
-0.112146
-0.067196
0.508785
0.362449
0.727473
-0.187734
0.0547347
-0.244527
0.377885
-0.0493832
-0.00807209
0.436331
0.025725
0.444954
0.00308548
0.449124
-0.36444
-0.198554
0.670428
-0.0778026
-0.0927761
0.261212
0.541822
0.642728
-0.709539
-0.356748
0.226921
-0.169235
-0.110548
0.281776
0.0991663
-0.646511
0.0655953
-0.342624
0.456536
-0.642839
-0.252339
0.031882
-0.0627762
0.616327
0.793821
0.426823
0.327608
0.246381
0.377634
0.116898
0.348447
-0.00163341
-0.10501
0.139977
-0.497229
0.0275692
0.876226
-0.322237
0.0549536
0.422143
-0.773194
0.202993
0.0412245
0.00308327
-0.45937
-0.306877
0.446703
0.135284
-0.0759488
-0.473511
-0.567504
0.846865
-0.420309
-0.249734
-0.230452
0.107933
0.427572
-0.040046
-0.0867118
-0.309918
-0.0995746
0.0166138
0.838931
-0.586325
0.120976
0.275526
0.21738
-0.215913
0.153518
-0.336864
0.274581
0.134728
0.424595
0.405964
-0.446453
0.673098
-0.769776
0.225635
-0.220397
0.465759
-0.141848
-0.128978
0.0179956
0.44482
0.0862741
0.363691
-0.0630656
0.0672658
-0.30609
-0.341243
-0.084364
-0.00697015
-0.0158523
-0.538614
0.485248
0.0743262
0.511109
-0.63161
-0.241704
0.173776
-0.0765148
-0.0266721
0.222157
-0.188709
-0.364376
-0.640197
-0.536349
-0.0154545
-0.198882
-0.162742
-0.0304636
0.767941
-0.1983
0.0303158
-0.0327394
-0.000647213
-0.116684
0.576129
0.115357
0.0887587
0.221498
0.526027
-0.07007
0.295417
-0.144361
-0.526116
0.445239
0.847948
-0.607678
-0.00181372
0.068728
0.767402
0.423902
0.200279
-0.00264466
-0.641745
0.471002
0.215202
0.0239659
0.491905
-0.0119215
-0.891545
-0.118621
0.205939
-0.0282185
-0.0988707
-0.0803758
-0.803597
0.527774
0.241275
-0.575754
0.118885
-0.769464
0.544617
0.333571
-0.0149573
0.00973246
0.210247
0.675062
0.0504123
-0.089146
0.00404034
-0.860703
0.270263
0.717205
0.0752963
-0.111933
0.504573
0.827903
0.0442023
-0.153925
0.640339
0.0212548
-0.489699
0.0672347
-0.749959
-0.3632
-0.0280324
0.338681
0.223725
-0.105418
0.146097
-0.00948561
-0.305197
0.494724
-0.165723
-0.203851
0.0682986
0.126969
0.254316
0.187791
0.102744
0.0611353
0.0741451
-0.58968
-0.539523
-0.661205
-0.303824
-0.0273675
0.832563
0.0101565
0.374567
0.167648
0.0216299
-0.530399
0.461001
0.391659
0.227766
-0.198858
0.0284925
-0.140877
-0.119139
-0.103784
0.0094309
0.0332871
-0.436725
-0.0649114
-0.131162
0.0822852
0.138017
-0.20242
0.394012
-0.178421
0.302274
-0.131381
-0.0128789
-0.292329
-0.615769
-0.149363
0.261043
-0.676435
-0.17749
-0.142868
0.53019
-0.0729749
-0.0401482
-0.168388
-0.248978
0.016116
-0.256397
-0.0697942
-0.0622445
0.509021
0.0457206
0.286436
-0.421241
0.21941
-0.604726
-0.132221
-0.123314
-0.561475
0.906052
-0.0626129
0.940787
-0.0504796
-0.021683
-0.835724
-0.234918
0.42407
-0.369446
-0.0575212
0.486431
0.0485796
0.661552
-0.279323
0.6993
0.0875912
-0.354032
0.137284
0.529699
0.0731698
-0.49594
-0.444473
-0.0938809
0.053329
-0.0880129
-0.143471
-0.0119253
-0.131588
0.474519
0.733863
0.522137
0.507471
0.673471
0.44345
0.110548
0.10256
-0.0774609
-0.309564
0.0601025
-0.497304
-0.0127771
0.877014
-0.30886
0.757365
0.47378
-0.341074
0.940973
0.0674704
-0.0678317
-0.407257
-0.627192
0.347649
0.100853
-0.213233
-0.452294
-0.683261
0.9609
-0.916159
-0.016655
-0.350663
-0.247995
0.419041
-0.100159
0.200378
-0.897378
-0.0014361
-0.217857
0.286854
-0.785632
0.0155507
0.194943
0.359045
-0.158479
0.171506
-0.747555
0.718478
0.092173
0.808801
0.0200783
-0.686365
0.260518
-0.174197
0.433784
-0.152169
0.0434738
-0.334007
0.454487
0.079735
0.131144
0.0514496
-0.890299
-0.160488
0.526514
-0.477338
0.489647
-0.150875
-0.0577156
-0.00554394
-0.7359
0.4707
0.0145959
0.0860474
-0.846944
-0.304695
0.0185527
-0.197294
0.0334038
0.317072
-0.248475
-0.0413357
-0.157287
-0.844322
0.0672362
0.59777
-0.872611
-0.258487
0.553213
-0.437852
0.174146
-0.149709
0.143092
-0.468693
0.57246
0.0908411
0.159648
0.693205
0.397395
0.292767
0.0617811
-0.177935
-0.324895
-0.384734
0.389111
-0.669381
0.0911634
0.347617
0.579874
0.476712
0.0279025
-0.00247026
-0.457614
0.10643
-0.0840715
0.191766
0.567246
0.134607
-0.647665
-0.491584
-0.00575301
0.120791
-0.172617
-0.644838
-0.60876
0.0858965
0.81825
-0.65096
0.103109
-0.786978
0.0161175
0.00927801
-0.123213
-0.0477294
-0.0439879
0.713914
0.268853
0.0184622
0.0544626
-0.715132
0.66031
0.647538
0.0187465
-0.274318
0.68275
0.334659
0.607135
-0.866039
-0.684435
-0.124599
-0.223627
0.078286
-0.88068
-0.531593
-0.334608
0.245798
0.871051
-0.0359783
0.089865
0.0193708
-0.173963
0.162128
-0.0220648
-0.019158
0.067644
0.562936
0.406135
0.140345
0.638734
0.258548
0.049571
-0.0604407
-0.796765
-0.217184
-0.0507719
0.0455492
0.197554
0.435935
0.00141825
0.0581204
-0.0536724
-0.478247
0.604427
0.650203
0.940613
-0.529562
0.151833
-0.185706
-0.35074
-0.0538289
0.0297062
-0.00348994
-0.186286
-0.622565
-0.253082
0.084224
0.374665
-0.232653
0.259449
-0.21733
0.397341
-0.14422
0.0727259
-0.86726
0.120997
-0.235099
0.129758
-0.296159
-0.61666
-0.264601
0.0969058
-0.223904
-0.0328972
-0.425388
-0.38619
0.0154012
0.389816
-0.0767163
-0.026187
0.462012
0.517287
0.612867
-0.164932
0.0261627
-0.465718
0.36858
-0.0320086
0.0634601
0.396612
0.0583493
0.440291
-0.00840024
0.311778
-0.3367
-0.192403
-0.0293053
-0.0916831
-0.0680718
0.183066
0.478656
0.691092
-0.67765
-0.177964
0.218569
-0.150625
-0.0387545
0.260019
0.181047
-0.697769
0.0345081
-0.101778
0.156455
-0.539742
-0.175812
0.0330196
-0.0698515
0.715985
0.657486
0.336777
0.347436
0.302554
0.490059
0.041874
-0.144746
0.00889647
-0.102571
0.0961197
-0.766067
0.00367743
0.827662
-0.210034
0.134286
0.362491
-0.823215
0.239343
0.029785
-8.29583e-05
-0.152029
-0.380702
0.531266
0.189413
-0.04397
-0.345057
-0.69362
0.848261
-0.363118
-0.146552
-0.106796
-0.0212469
0.412232
-0.0283664
-0.117444
-0.162917
-0.0828432
0.0173343
0.843193
-0.560332
0.0538214
0.276625
0.218094
-0.166522
0.156849
-0.332237
0.337134
0.0656809
0.396177
0.461905
-0.53078
0.763839
-0.709814
0.150212
-0.289761
0.527643
-0.0733728
-0.0931997
0.0557449
0.290162
0.0746599
-0.12319
-0.0144999
0.115342
-0.30356
-0.228783
-0.0738252
-0.0362734
-0.0139021
-0.643263
0.476336
0.130989
0.490125
-0.693992
-0.128841
0.212473
-0.0923277
0.00139332
0.257417
-0.209148
-0.291609
-0.633676
-0.75773
-0.00509672
-0.15545
-0.120231
0.339687
0.736584
-0.128665
0.340383
-0.0111971
-0.00149486
-0.112397
0.555881
0.0704127
0.0978369
0.228386
0.578153
-0.0616398
0.204472
-0.234105
-0.378082
0.362571
0.835281
-0.578031
0.000685148
0.0450194
0.813877
0.511681
0.12856
0.0558358
-0.477793
0.438283
-0.00855287
0.0422458
0.20316
0.0499034
-0.908596
-0.186808
0.151305
-0.0324492
-0.240646
-0.0406196
-0.632082
0.422566
0.148953
-0.444338
-0.138287
-0.696704
0.354834
0.1835
-0.238701
-0.000738439
0.106986
0.659847
0.108305
-0.0773138
0.0225698
-0.880636
0.174155
0.762439
0.0613974
-0.0565533
0.0320318
0.793277
0.0253125
-0.364059
0.401944
-0.00259861
-0.442002
0.0576998
-0.847176
-0.17838
-0.0243594
0.230534
0.149275
-0.0601334
0.116921
-0.0479827
-0.509753
0.427138
-0.0880291
-0.228758
0.0860756
-0.100075
0.321098
0.146714
0.263452
0.10247
0.0920287
-0.638404
-0.480018
-0.499515
-0.293207
-0.0929352
0.870081
0.0154367
0.3131
0.12759
-0.0139109
-0.645619
0.345214
0.226535
0.267795
-0.0856087
-0.0585103
-0.0910275
-0.126034
-0.0666051
-0.000478012
0.0538345
-0.538363
-0.0371575
-0.131503
0.04739
0.0904229
-0.258333
0.249725
-0.20345
0.364744
-0.101038
0.00255538
-0.486134
-0.430621
-0.177771
0.221886
-0.574679
-0.0642055
-0.0577756
0.160715
-0.0599938
-0.0260564
-0.748007
-0.25654
0.0195064
0.287901
-0.116261
-0.046742
0.527162
0.0738347
0.176528
-0.339771
0.160626
-0.565989
-0.111871
-0.0845961
-0.724878
0.926281
-0.175789
0.724468
0.00114209
0.0879652
-0.535016
0.0512844
-0.389048
-0.201232
-0.261734
0.405685
0.135736
0.78823
-0.132626
0.611608
0.154906
-0.10005
0.140894
0.19953
0.089663
-0.487214
-0.206536
-0.136234
-0.179462
-0.127712
-0.395187
-0.0256017
-0.572784
0.366611
0.48463
0.511124
0.499021
0.490302
0.499442
0.27963
0.0569477
-0.0522307
0.0606671
0.0163492
-0.540963
-0.0554623
0.885513
-0.455816
0.463823
0.490763
-0.331543
0.687371
0.58323
0.00790416
-0.00166364
-0.823326
0.252202
0.0939583
-0.238812
-0.604696
-0.381332
0.956728
-0.739538
-0.0635152
-0.245291
0.397898
0.705028
-0.0485255
0.0874781
-0.684104
-0.0205145
-0.319003
0.457857
-0.641647
0.0172666
0.20581
0.135956
-0.673485
0.12749
-0.612402
0.436358
0.214262
0.718144
-0.520688
-0.821761
0.275488
-0.219953
0.0800446
-0.306338
0.271866
-0.326984
0.0114769
0.161808
0.0329524
0.0762672
-0.473597
-0.0367476
0.128564
-0.365833
0.364896
-0.196079
0.0861135
-0.0124654
-0.62622
0.22172
-0.114441
0.17409
-0.747924
-0.450669
0.127993
-0.0474498
0.063637
0.543654
-0.192385
-0.129851
-0.495904
-0.350228
0.0169968
0.52257
-0.660209
-0.123593
0.579186
-0.308453
0.736908
-0.0116981
-8.10455e-05
-0.194858
-0.621836
0.0761193
0.0752554
0.376549
0.279767
-0.14816
0.351515
0.109408
-0.149673
-0.578137
0.477386
-0.682056
-0.0466585
0.196201
0.265336
0.685893
0.0990608
-0.0868611
-0.211422
0.175979
-0.195878
0.360122
0.16413
0.0882934
-0.786167
-0.286407
-0.0369488
0.0935799
-0.323582
-0.573626
-0.702668
0.0518472
0.695506
0.209273
0.0555085
-0.655224
0.276587
0.0235281
-0.303597
0.0553543
-0.125171
0.432978
0.185478
0.202862
0.00574886
-0.680057
0.635434
0.490933
-0.00448684
-0.396492
0.570509
0.813586
0.427426
-0.828293
-0.735444
0.00335632
-0.224902
0.0768053
-0.739424
-0.378444
-0.299422
0.660448
0.570798
-0.0133743
0.0744102
0.030408
-0.0486399
0.286016
-0.0417925
-0.0712279
0.107249
0.405187
0.522384
0.139038
0.387389
0.329043
0.0521546
-0.096468
-0.660666
-0.158595
0.0120227
0.238751
0.286441
0.0955037
0.0461268
-0.0257813
-0.0083511
-0.491353
0.772445
0.49813
0.669869
-0.698046
0.297637
0.000181602
-0.685576
-0.0662027
-0.0103248
0.0891588
-0.335208
0.438956
-0.1222
0.129088
0.676028
-0.192277
0.261797
-0.315815
-0.148315
-0.16721
0.216377
-0.526739
-0.361641
-0.148391
0.142045
-0.508455
-0.508629
-0.376512
0.614646
-0.0640699
0.0176271
-0.154433
-0.392296
0.0214607
-0.0451453
-0.0637159
-0.0120942
0.227602
0.268923
0.723199
-0.738496
0.0494468
-0.77223
0.0441512
-0.108413
-0.62775
0.915665
-0.123433
0.725619
-0.00171005
0.037713
-0.0773895
-0.0724234
-0.315461
-0.0707372
-0.531685
0.545139
0.0989727
0.0620434
-0.14119
0.102092
0.309886
-0.0176223
-0.0119967
-0.0737446
0.405293
-0.831725
-0.204375
-0.00935731
-0.447697
-0.25108
-0.203946
-0.070553
-0.154646
0.149564
0.262304
0.389589
0.0366781
0.812575
0.713519
0.0698401
0.131415
0.0168925
0.0474582
0.0998653
0.778522
-0.0561804
0.956027
-0.760194
0.207616
0.191805
-0.355595
0.176221
0.0676451
-0.00110059
-0.0702341
-0.145076
0.0293298
0.085244
-0.780975
-0.730589
-0.588699
0.98776
-0.0870265
-0.0039761
0.4435
-0.258238
0.811462
-0.0534192
0.167856
-0.04736
-0.26596
-0.117509
0.533889
-0.395123
0.00294932
0.19729
0.313416
-0.141003
0.666263
-0.828521
0.548144
0.0663969
0.183177
0.394302
-0.789933
0.0463854
-0.182958
-0.0233167
-0.0633615
0.36823
-0.0204167
-0.628617
0.276198
-0.102144
0.102367
-0.746396
-0.323347
0.503508
-0.705436
-0.0487802
-0.00593315
-0.0636561
-0.0229775
-0.0922465
0.528908
0.0407351
0.60487
-0.694696
-0.143491
0.00545612
-0.164824
-0.00975288
0.184153
-0.306641
-0.293391
-0.269619
-0.180318
0.023622
0.221457
-0.399347
0.514745
0.260489
-0.105458
0.470762
-0.00231703
-0.0898642
0.00493708
0.270849
0.0211596
0.0421027
0.114398
0.156039
0.0207547
0.148534
0.0604301
-0.0433904
-0.0306578
0.36115
-0.390697
-0.0292003
-0.0026786
0.586195
0.405952
0.0231367
-0.00791394
0.06407
0.782881
-0.106839
0.128804
0.238577
0.130701
-0.802847
-0.677084
-0.00325942
0.0033644
-0.380652
-0.118518
-0.180689
0.0999335
0.413707
-0.325955
0.075179
-0.801634
-0.0773355
0.0544796
-0.401822
-0.0514675
-0.00762976
0.386207
0.638468
0.0175123
-0.054038
-0.569922
0.155173
0.467023
-0.0149423
-0.124684
0.420167
0.227055
0.787238
-0.0695395
-0.474104
-0.0983306
-0.275729
0.364999
-0.835363
-0.33897
-0.383922
0.211291
0.727052
-0.660381
-0.215107
-0.0117673
-0.103949
0.65097
-0.0114422
-0.72271
0.0431344
0.555121
0.0981092
0.935658
0.313078
0.143486
0.115947
-0.670774
-0.345085
-0.921234
-0.00462338
0.533354
0.128363
0.231854
0.400398
-0.00147703
-0.311477
-0.0226933
0.862473
0.12343
0.348393
-0.0835492
-0.0569528
-0.0323866
-0.345553
-0.108067
-0.0151599
0.335985
-0.729682
-0.110324
-0.268455
0.0355834
0.0625488
-0.653537
0.251923
-0.266521
0.79679
-0.0388598
0.554392
-0.244081
0.201996
-0.858513
0.0844969
-0.0449612
-0.0176087
0.457889
0.222585
-0.0364751
-0.0138068
-0.247731
-0.253688
0.0126
0.0707627
-0.0204163
-0.011202
0.0578433
0.00963841
0.515392
0.00828301
0.122293
-0.752927
-0.0159995
-0.0720842
0.609442
0.657474
0.382011
0.919859
0.000619725
-0.0395864
-0.273443
-0.535083
0.269561
-0.491695
0.526657
0.943376
0.0395316
0.034203
-0.429744
0.285923
0.135163
-0.0362593
0.00267638
0.862964
0.041608
-0.420089
-0.564161
-0.228748
0.120347
-0.302811
-0.696851
0.311177
-0.170278
0.0445818
0.73105
0.627234
0.104982
0.48722
0.557198
0.30214
-0.25873
-0.156119
0.0369134
-0.065235
0.408733
0.167747
0.9731
-0.014985
0.714087
0.707322
-0.615701
0.517339
0.182535
0.00133402
-0.24152
-0.517516
0.0540551
0.110394
-0.0308743
-0.871777
-0.184418
0.976649
-0.0713913
-0.101616
-0.3052
0.146059
0.519925
-0.181124
-0.663431
-0.164291
0.0912284
-0.0317588
0.0135859
0.0859859
0.00448957
-0.447859
0.130623
-0.198523
0.0514612
-0.62775
0.595726
0.0545789
0.454906
-0.515902
-0.244783
0.34975
-0.02545
-0.0915373
-0.457438
0.0710778
-0.0594682
0.387155
-0.0345452
0.0091151
0.0512869
-0.477425
-0.119851
-0.201131
-0.0297847
0.596794
-0.461692
-0.0367908
0.00671976
-0.0552744
0.0480813
0.0556052
0.0171751
-0.516813
-0.770941
-0.0702401
-0.0729294
0.0426259
0.73169
0.0179025
-0.0350817
-0.0565217
-0.800813
-0.0878645
0.459449
-0.909367
0.033053
0.698992
-0.624699
-0.246446
-0.00802514
0.0866111
-0.126158
0.564431
0.0189535
0.0304276
0.542496
0.0536736
-0.00806057
0.000468799
0.669834
-0.0719752
-0.612245
0.204503
-0.704398
0.202717
0.442299
0.226354
0.221986
0.0187937
0.0460065
-0.656124
0.0585887
-0.344634
0.463963
0.692336
0.0936887
-0.437635
-6.22076e-05
-0.00471983
0.0421503
-0.352158
-0.703024
-0.420527
0.168132
0.83978
-0.475091
-0.0157588
-0.492113
0.819321
-0.00414802
-0.554238
-0.00795866
0.00812501
0.0459851
0.153751
-0.0398511
0.0244535
-0.215536
0.590559
0.304289
-0.0599384
-0.152066
0.0651403
0.401554
0.183725
-0.326126
-0.584415
-0.00826043
-0.0341097
0.197712
-0.851873
-0.0246913
-0.299434
0.480398
0.766545
-0.172445
-0.170354
0.00434897
-0.0668515
0.233618
-0.0560241
-0.0492363
0.0418508
0.264245
0.120316
0.121641
0.65952
0.491599
0.0156324
-0.044397
-0.656216
-0.343072
-0.00109978
0.220324
0.120642
0.237425
-0.32694
-0.0346153
-0.635742
-0.319784
0.847659
0.461975
0.863554
-0.55758
0.111777
-0.112957
-0.564571
-0.0842921
-0.0076992
0.0732848
-0.604368
-0.634696
-0.573243
-0.109995
0.223481
-0.108478
0.228206
-0.339466
-0.123468
-0.0148592
0.131996
-0.189083
0.595517
-0.2839
0.374453
-0.357926
-0.167452
-0.12042
0.0462383
-0.0239949
-0.0498699
-0.333591
-0.317647
0.0591615
-0.0075348
-0.206084
-0.0181569
0.715841
0.518595
0.0162086
-0.0909104
0.0552326
-0.25846
0.0947491
-0.149006
0.557868
0.591103
-0.057724
0.774307
-0.0138338
0.194402
-0.04142
0.00254222
0.786173
-0.346302
-0.323945
0.23022
0.0302893
0.411438
-0.0352636
0.141422
0.230159
-0.0110983
-0.0256096
0.471308
0.379398
-0.108631
0.0238757
-0.113556
-0.00909893
-0.102772
-0.0480119
-0.361851
-0.481344
0.103363
0.161186
0.104681
0.14411
0.150403
0.776753
0.261976
0.0815526
-0.171212
0.0293704
-0.011554
0.542589
-0.0241455
0.845735
0.206338
-0.0590349
0.337213
-0.242875
0.274639
0.109656
-0.000795262
0.0500256
-0.67236
0.119599
0.186646
-0.0343561
-0.263389
-0.689121
0.952119
-0.311687
-0.0299523
-0.579322
-0.387436
0.641119
-0.255191
0.230193
-0.211313
0.229141
0.331207
0.176756
-0.356247
0.00094305
0.300492
0.168821
-0.713599
0.648025
-0.508961
0.618833
0.771248
0.554909
0.0248289
-0.243492
0.125447
-0.552759
-0.436179
-0.1906
0.0309985
-0.074655
-0.212519
0.00504636
0.239479
0.364335
-0.332806
-0.00693717
0.585844
-0.210518
-0.219478
-0.121328
0.295763
0.0605393
-0.411859
0.671474
0.0491503
0.576851
-0.100409
-0.12426
0.0497841
-0.147008
0.188678
0.426194
-0.482122
-0.201433
-0.654652
-0.417894
-0.035329
-0.28591
-0.734915
0.501698
0.465522
-0.215392
-0.0495151
-0.00286294
-0.0357741
-0.478943
0.11371
0.222014
0.0789304
0.266352
0.0647238
-0.0388681
-0.116035
-0.0195807
-0.0991763
0.38827
0.602241
-0.468247
-0.0093244
0.474427
0.132721
0.230727
0.0584687
0.122103
-0.367225
0.601571
0.291074
0.281649
0.262871
-0.00872369
-0.291615
-0.430579
-0.00666442
0.00391886
-0.527679
-0.253326
-0.448308
0.332657
0.937438
-0.0269942
0.00798658
-0.921207
0.231028
0.0610638
0.232257
-0.000714072
-0.00126247
0.285987
0.127453
-0.0900628
0.0246084
-0.209456
0.683227
0.24224
0.0453603
-0.118402
0.118786
0.814241
0.0795757
-0.0066781
-0.0538861
0.0250021
-0.212611
0.331132
-0.471447
-0.140096
-0.0284315
0.21161
0.807203
-0.188033
-0.0702143
0.00411023
-0.246988
0.650258
-0.0771608
-0.320132
0.274899
0.120191
0.192975
0.702558
0.109416
0.11891
0.118281
-0.379861
-0.523924
-0.195968
-0.406287
0.0304119
0.191661
0.128054
-0.00920818
0.0441421
-0.048581
-0.533832
0.822876
0.164899
0.8021
-0.0988292
-0.0980955
-0.00698842
-0.283987
-0.0378528
-0.0268982
0.68858
-0.614738
-0.433047
-0.0890806
0.0254319
0.549982
-0.580854
0.352363
-0.279333
0.389201
-0.0507004
0.549409
-0.0547627
-0.276731
-0.677552
0.103207
-0.0952481
-0.351983
-0.241864
-0.100315
-0.0450919
-0.0221909
-0.171927
-0.230968
0.010811
0.0625229
-0.030262
-0.236967
0.0627895
0.210248
0.388129
-0.130613
0.303486
-0.657413
0.00290788
-0.0343458
0.560406
0.409311
0.12671
0.921889
-0.00905087
0.029659
-0.744485
-0.0358294
0.192567
-0.216028
0.13452
0.738546
0.068412
0.151289
-0.00366443
0.456637
0.0592961
-0.130421
0.0439547
0.33398
0.265717
-0.50504
0.0923775
-0.0825019
0.00249903
-0.0369943
-0.463598
0.0138476
-0.0560646
0.401599
0.751602
0.42998
0.121338
0.157904
-0.0238265
0.0929433
-0.130917
-0.000539731
-0.0340869
-0.00167684
-0.00652085
0.127245
0.887439
-0.616904
0.246403
0.135633
-0.293559
0.604728
0.0683168
0.000887399
-0.0230656
-0.756776
0.042845
0.0404584
-0.0836695
-0.648865
-0.751606
0.932021
-0.405053
-0.00436303
0.0217056
-0.301059
0.0539163
-0.0232921
-0.382857
-0.346567
-0.030134
-0.0123019
0.205501
-0.0501312
0.00325435
-0.509721
0.590283
-0.187779
0.0582413
-0.678417
0.421691
0.0816499
0.933227
0.371553
-0.196114
0.0670529
-0.0614669
-0.026186
-0.126765
0.0897854
-0.0370507
0.103811
0.0169756
-0.162808
0.0279156
-0.24985
-0.0691
0.62073
-0.531738
0.502804
-0.292878
0.135747
-0.0004175
-0.180457
0.0923026
-0.161266
0.182704
-0.34019
-0.688218
0.0105895
-0.00970548
0.00402082
0.824414
0.27616
-0.0380963
-0.266605
-0.367437
-0.00441463
-0.296096
-0.618059
0.0237453
0.749932
-0.326729
0.849905
-0.0246473
-0.0127721
-0.239532
0.323525
0.0220556
0.0850976
0.872143
0.114451
-0.00774661
0.422395
0.274643
-0.104524
0.346666
0.219942
-0.866628
0.136002
0.0737705
0.28462
0.812636
0.0353675
0.0108269
-0.334976
0.0508983
-0.150012
0.163297
0.113591
0.053314
-0.797911
-0.802286
-0.0473184
0.0763058
-0.114151
-0.079445
-0.396845
0.246208
0.102052
0.307222
0.273139
-0.893353
-0.479196
0.0031243
-0.370544
0.00367546
-0.0882992
0.0544203
0.0258152
-0.0360319
0.00712743
-0.0846892
0.131845
0.686868
0.0293987
-0.0144133
0.16537
0.618088
0.129829
-0.891317
-0.74693
-0.141342
-0.0852787
0.163501
-0.287238
-0.213313
-0.118416
0.634131
0.146426
-0.00616169
0.0889412
0.340893
-0.513742
0.0557298
-0.00584137
-0.270081
0.00241311
0.106495
0.0927229
0.0243765
0.598583
0.0711074
0.015105
-0.208975
-0.860894
-0.260575
-0.558266
-0.126
-0.535152
0.0642173
-0.151706
0.0208864
-0.134995
-0.461247
0.837151
0.571108
0.519075
-0.286916
0.0402875
-0.0142677
-0.131924
-0.0132567
0.0435542
0.0244347
-0.148179
-0.247086
-0.187732
-0.269556
0.181849
-0.573742
0.083684
-0.0509893
-0.121087
-0.0575835
0.125933
-0.449571
-0.368452
-0.116916
0.320157
-0.56246
-0.151386
-0.374483
0.220418
-0.162259
-0.031205
-0.375021
-0.243175
0.0135592
0.292287
-0.10943
-0.0453093
0.459792
0.298297
0.478184
-0.197366
0.0375149
-0.606287
0.214682
-0.0364527
0.244656
0.327397
0.00214477
0.4977
0.00140955
0.226305
-0.327724
-0.0712498
0.340119
-0.059576
-0.0449512
0.151311
0.418379
0.707296
-0.536023
-0.266468
0.209383
-0.153783
-0.0183214
0.27698
0.105453
-0.671753
-0.119146
-0.204127
0.277238
-0.687261
-0.175178
-0.0226497
-0.105829
0.609478
0.726239
0.534332
0.320949
0.218406
0.430394
0.0938071
0.265521
-0.00679351
0.0234927
0.0678225
-0.679292
0.0151684
0.861241
-0.227452
0.145006
0.347673
-0.720807
0.191016
0.0522123
0.00254532
-0.158632
-0.40306
0.423692
0.187641
0.0111064
-0.327247
-0.543989
0.848298
-0.34034
-0.22226
-0.176686
0.148795
0.325881
-0.0145512
-0.0465345
-0.239708
-0.0612296
0.0127214
0.91611
-0.674529
0.0693211
0.257102
0.200717
-0.151924
0.154322
-0.281771
0.216292
0.0609951
0.336662
0.231139
-0.530786
0.684775
-0.768714
0.154477
-0.174061
0.48912
-0.0817924
-0.0406246
0.0241007
0.371152
0.0786684
-0.282235
0.016379
0.0741672
-0.368534
-0.233118
-0.0739076
0.00502708
-0.0195372
-0.653758
0.453626
0.00305108
0.597844
-0.657649
-0.256026
0.224477
-0.0449578
-0.019797
0.201848
-0.15145
-0.147354
-0.589426
-0.264305
-0.000836739
-0.274611
-0.130905
0.0611317
0.821259
-0.202024
0.341701
-0.0312937
-0.00222236
-0.0751195
-0.271509
0.0566752
0.0449243
0.22774
0.588413
-0.041003
0.20283
-0.142081
-0.381889
0.387763
0.838751
-0.509648
-0.000211768
0.0519957
0.860019
0.37482
0.105857
-0.0350845
-0.485682
0.484004
0.100795
0.0308388
0.267768
0.00758688
-0.8735
-0.0761658
0.0270179
-0.0160247
-0.0913903
-0.0446046
-0.70874
0.253352
0.109135
-0.379555
0.128059
-0.605712
0.50089
0.181605
0.0316795
0.0112591
-0.00193323
0.691638
0.0913483
-0.0372039
-0.0215054
-0.884797
0.18411
0.746022
0.0477364
-0.0549027
0.618564
0.84577
0.0435156
-0.220216
0.540432
0.0155174
-0.274414
0.0289318
-0.767219
-0.290777
-0.0270933
0.225392
0.161731
-0.0187553
0.11304
-0.0114683
-0.462357
0.398495
-0.0637901
-0.162226
0.0622815
0.217577
0.324258
0.131438
0.174739
0.0740778
0.0816737
-0.56012
-0.511513
-0.581583
-0.314809
-0.0816138
0.800032
0.0205151
0.25548
0.123317
-0.00335307
-0.668731
0.388171
0.265263
0.281914
-0.149229
0.139383
-0.0619212
-0.147848
-0.0410192
-0.00218742
0.0397335
-0.693301
-0.031409
-0.104271
0.107273
0.0916434
-0.292242
0.210741
-0.204066
0.175726
-0.0767005
-0.00902501
-0.486141
-0.581084
-0.172509
0.197814
-0.511273
-0.0744915
-0.00763915
0.314655
-0.0359386
-0.00509846
-0.390328
-0.254822
0.0210194
0.183972
-0.0302027
0.00389817
0.0664135
0.00748237
0.585264
-0.0576455
0.22132
-0.808968
-0.0258106
-0.0273426
-0.165568
0.907663
0.173919
0.943353
0.00346867
-0.0281003
-0.569147
-0.425684
-0.292523
-0.237166
0.175528
0.946417
0.058772
0.164584
-0.441124
0.587998
0.153041
-0.0214755
0.0198881
0.527376
0.0493665
-0.576024
-0.486486
-0.194959
-0.140393
-0.583726
-0.470702
0.0664847
-0.276637
0.161303
0.676361
0.607453
0.124351
0.552027
0.230622
0.315462
0.253797
-0.160865
0.0481655
-0.0839357
-0.11021
-0.0331451
0.975375
0.0119148
0.630134
0.736355
-0.778045
0.72255
0.497806
0.00470917
-0.0816471
-0.817695
0.0506003
0.0831362
-0.132918
-0.77137
-0.220396
0.983009
-0.161915
-0.0405772
-0.19192
0.558089
0.488402
-0.0561291
-0.556006
-0.45169
-0.0185523
-0.0647609
0.151457
0.31987
0.00249861
-0.118413
0.0679138
-0.164037
0.0587565
-0.576866
0.635625
0.074853
0.603095
-0.627421
-0.494448
0.370366
-0.11368
-0.0414802
-0.408527
0.114647
-0.122761
0.253748
0.00162754
0.0230351
0.0244325
-0.462901
-0.124041
0.266181
-0.0665581
0.680374
-0.109136
0.175789
-0.00125419
-0.134161
0.0396348
0.0335601
0.0602694
-0.769812
-0.796932
0.0386781
-0.0527119
0.0271584
0.589869
0.220427
-0.0268434
-0.0530891
-0.790225
-0.0182374
0.616299
-0.906081
0.113622
0.841956
-0.558612
0.825112
-0.0120295
-0.00382465
-0.0702017
-0.347193
0.0254748
0.0133122
0.6994
0.0668735
-0.00362103
-0.00898675
0.590924
-0.10099
-0.731939
0.176457
-0.736185
0.155194
0.303313
0.235772
0.268626
0.0122194
-0.00666433
-0.461645
0.0484801
-0.496821
0.439653
0.620169
0.182794
-0.458656
-0.550997
-0.00857845
0.0771587
-0.537661
-0.782155
-0.484571
0.024044
0.884046
0.0707818
0.0181994
-0.500598
0.616408
-0.00625238
-0.768136
-0.0228949
-0.0329614
0.0776412
0.35312
-0.0307789
0.0210521
-0.330048
0.423627
0.40286
-0.0774509
-0.33665
-0.374451
0.636569
0.239075
-0.764523
-0.770762
-0.0553561
-0.0381191
0.148171
-0.857644
-0.0499401
-0.431306
0.663843
0.866189
-0.0399012
-0.00734315
0.0205012
-0.0923577
0.159126
-0.0519599
-0.0622143
0.0211116
0.382031
0.202403
0.0229743
0.740053
0.405036
0.0135751
-0.024172
-0.789861
-0.228629
-0.0142186
0.44843
0.193635
0.298524
-0.104695
-0.0410612
-0.241497
-0.270786
0.813631
0.640975
0.907006
-0.574872
0.220162
-0.0533125
-0.518411
-0.0564646
0.000261215
0.0485088
-0.62093
-0.502777
-0.594033
-0.110874
0.325203
-0.182737
0.116979
-0.534235
-0.477564
-0.0568497
0.231474
-0.666467
0.212199
-0.264048
0.18532
-0.271989
-0.235793
-0.0164178
0.149733
-0.212884
-0.0382821
-0.371891
-0.271246
0.0139309
0.261248
-0.115797
-0.0422895
0.515172
0.391694
0.57236
-0.209558
0.0350996
-0.413317
0.170598
-0.0405909
0.14744
0.276068
-0.0569537
0.48867
0.00341391
0.214
-0.289763
-0.144346
0.532444
-0.0701248
-0.0282062
0.152707
0.373426
0.650487
-0.538208
-0.189171
0.225687
-0.151215
-0.0360925
0.291643
0.123915
-0.676086
-0.0808366
-0.210578
0.267696
-0.712335
-0.191456
-0.0170126
-0.0952113
0.575626
0.699903
0.509056
0.280588
0.228135
0.421362
0.10861
0.345562
-0.0110531
0.00987023
0.0922836
-0.657154
0.0255243
0.838985
-0.285738
-0.0565671
0.414829
-0.735202
0.185238
0.0403936
0.0029335
-0.187879
-0.369998
0.454963
0.200766
0.0273993
-0.339838
-0.526776
0.845141
-0.340993
-0.293499
-0.171112
0.0690287
0.348873
-0.0226715
-0.0396962
-0.216521
-0.0866683
0.00169804
0.888252
-0.510076
0.0821436
0.196761
0.229142
-0.198353
0.143198
-0.339109
0.235387
0.0743424
0.323258
0.249367
-0.499379
0.713849
-0.770591
0.131102
-0.186382
0.487801
-0.0802951
-0.0736451
0.0253028
0.313153
0.0820404
0.0245045
0.0274267
0.0801511
-0.325937
-0.227194
-0.068521
-0.00908815
-0.0238607
-0.677962
0.505368
0.0525864
0.575105
-0.654878
-0.199723
0.179024
-0.0535039
-0.0258457
0.233859
-0.225673
-0.229917
-0.638315
-0.24009
-0.00890932
-0.255267
-0.153732
0.030109
0.813786
-0.207555
0.222107
-0.0198589
-0.00149871
-0.0816653
0.308166
0.0632014
0.0614981
0.244136
0.62631
-0.043999
0.210529
-0.0722181
-0.395982
0.344333
0.840357
-0.516129
0.00416637
0.0624878
0.839201
0.39719
0.151885
-0.0110264
-0.454699
0.506664
0.120673
0.0341266
0.357505
-0.0215123
-0.860158
-0.0372784
0.0905432
-0.0208987
-0.10036
-0.0469344
-0.708949
0.363446
0.11315
-0.388511
0.131088
-0.620639
0.532598
0.236566
0.12684
0.0131907
0.0874772
0.698384
0.0793391
-0.0966434
-0.0159823
-0.87134
0.212405
0.650988
0.0603137
-0.0468561
0.657312
0.844866
0.0431497
-0.19625
0.482316
0.0161047
-0.328619
0.0333727
-0.805958
-0.314995
-0.0322378
0.253152
0.187676
-0.024448
0.113168
-0.0167924
-0.448041
0.372136
-0.081496
-0.192609
0.0735451
0.287107
0.377407
0.172272
0.145059
0.0694529
0.0946892
-0.597111
-0.48489
-0.584187
-0.129174
-0.0436217
0.829344
0.0159971
0.301481
0.146728
-0.0147781
-0.612886
0.352928
0.249036
0.266191
-0.16908
0.114068
-0.060013
-0.159954
-0.054248
-0.00618431
0.0089035
-0.665753
-0.0296034
-0.110103
0.0648538
0.0907838
-0.284977
0.2149
-0.177524
0.1192
-0.0715884
-0.00727406
-0.462879
-0.495726
-0.172689
0.231976
-0.512121
-0.0639971
-0.0214426
0.460581
-0.0467408
-0.0010294
-0.118417
-0.357448
0.0109463
-0.104791
-0.110288
-0.00513699
0.223174
0.152036
0.6699
-0.705645
0.0379415
-0.215022
0.0330057
-0.0605225
-0.60171
0.890661
-0.0870342
0.74954
0.00697015
0.0504833
-0.0313541
-0.066345
-0.235959
-0.1792
-0.470897
0.438688
0.0574936
0.0464054
-0.277901
0.0421207
0.314659
-0.00463288
-0.014377
-0.0335986
0.298324
-0.75928
-0.0889009
-0.016918
-0.361376
-0.229383
-0.154641
-0.0512375
-0.150621
0.0882492
0.249972
0.330584
0.0180804
0.759592
0.709447
0.091035
0.169401
0.0194919
-0.0706557
0.160196
0.703613
-0.0189458
0.669645
-0.40384
0.0777563
0.0987681
-0.26369
0.121816
0.0488354
-0.000151205
-0.0309691
-0.110951
0.0272437
0.0950935
-0.656314
-0.731492
-0.529059
0.995788
-0.0725409
-0.00666942
0.379519
-0.436767
0.780446
-0.0650423
0.204535
-0.0427324
-0.238033
-0.0478459
0.0555884
-0.280811
0.00885042
0.133567
0.355279
-0.1054
0.659552
-0.851748
0.500436
0.0998666
0.134685
0.382662
-0.70742
0.0550898
-0.174273
-0.0592328
-0.0489809
0.504358
-0.00677097
-0.665885
0.239595
-0.0669956
0.0860314
-0.74455
-0.362599
0.51058
-0.586524
-0.193665
-0.00594196
0.246587
-0.04106
-0.0803119
0.48083
0.0692675
0.700069
-0.684203
-0.11727
0.0089024
-0.196086
-0.00594251
0.152808
-0.240227
-0.27063
-0.29383
-0.146486
0.0146627
-0.422048
-0.362919
0.51683
0.26553
-0.155097
0.318189
-0.00668069
-0.0632836
-0.081085
0.405411
0.027005
0.0399525
0.0871016
0.168016
0.0236732
0.0944271
0.0247957
-0.0246567
0.176171
0.391268
-0.386829
-0.0119683
-0.0181864
0.568885
0.205839
0.0381213
0.0858489
0.0612567
0.935976
-0.0992057
0.136577
0.275199
-0.0364706
-0.638813
-0.676607
-0.00532547
0.00342888
-0.268726
-0.124051
-0.317957
0.121523
0.276362
-0.290438
0.0808624
-0.912425
-0.523656
0.104403
0.309747
-0.00808932
-0.00147717
0.31288
0.327777
-0.43035
-0.0348304
-0.657477
0.15961
0.32568
0.00013655
-0.0507118
0.695269
0.182479
0.764514
-0.0291061
-0.530675
-0.0333869
-0.223746
0.429161
-0.786739
-0.301691
-0.249947
0.207083
0.652984
-0.220815
-0.322206
0.0193913
-0.123954
0.669861
-0.0120908
-0.69196
0.0421306
0.504612
0.0304354
0.959808
0.119839
0.101125
0.196569
-0.825655
-0.253746
-0.932065
-0.0239355
0.133323
0.0873082
0.280279
0.537236
-0.0430394
-0.210002
0.264675
0.828014
0.138099
0.32973
-0.0612966
-0.0947899
-0.0495485
-0.305039
-0.0819966
-0.0497825
0.261918
-0.730571
-0.177084
-0.323918
0.0295266
0.0443698
-0.641692
0.164465
-0.322467
0.603016
-0.0339732
0.425929
-0.152355
0.158367
-0.784075
0.0948215
-0.0478185
-0.027295
0.492594
0.257033
-0.0222858
-0.00953523
-0.402158
-0.26655
0.0174482
0.157498
-0.0369614
0.00884842
0.106476
0.00716359
0.669529
0.00870355
0.187351
-0.804221
-0.0188212
-0.0350175
-0.448978
0.807102
0.113048
0.949053
0.00278945
-0.0430868
-0.471136
-0.500481
-0.197269
-0.442035
0.292337
0.947423
0.0594511
0.151033
-0.503602
0.471158
0.120486
-0.0320899
0.0602936
0.569716
0.056592
-0.572053
-0.431576
-0.232454
0.00404006
-0.299057
-0.572149
0.168108
-0.310973
0.150531
0.670834
0.499147
0.110831
0.544504
0.244161
0.300775
-0.0321086
-0.156995
0.0671136
-0.0442847
-0.190762
0.184336
0.974717
-0.083217
0.785569
0.726767
-0.804983
0.714515
0.573049
0.00514063
-0.191982
-0.743743
0.0527145
0.0839852
-0.0943164
-0.758479
-0.189334
0.980425
-0.161464
-0.0546241
-0.201218
0.719777
0.62198
-0.0684249
-0.548182
-0.379444
-0.0158966
-0.049132
0.0381027
0.349385
0.00482741
-0.453628
0.0742406
-0.224552
0.0510774
-0.658694
0.620232
0.0628946
0.505396
-0.592826
-0.505256
0.404408
-0.0909046
-0.0614522
-0.452946
0.0870658
-0.0754423
0.255461
-0.00405993
0.00648022
0.0224145
-0.503737
-0.0855824
0.31799
-0.0582672
0.402168
-0.118157
0.230835
-0.00143742
-0.133828
0.0518595
0.0576322
0.0562773
-0.791703
-0.841401
0.0230893
-0.0589699
0.0341235
0.680894
0.195075
-0.031182
-0.0559496
-0.861237
-0.072764
0.545043
-0.900409
0.0654062
0.847725
-0.545762
0.761686
-0.0138812
0.00997709
-0.0896268
0.749749
0.0236579
0.0100394
0.698276
0.0420196
-0.0139207
0.0176045
0.54887
-0.0950786
-0.693185
0.181803
-0.733353
0.225511
0.309656
0.152332
0.235887
0.0149577
0.0137952
-0.556206
0.0536799
-0.431902
0.443247
0.773354
0.104979
-0.432272
-0.560192
-0.00661155
0.0810827
-0.485799
-0.80325
-0.504119
-0.0304789
0.901149
0.0153561
-0.0178124
-0.617424
0.630346
-0.00407356
-0.746608
-0.0164029
-0.000312461
0.0820342
0.255697
-0.0370743
0.0349265
-0.300707
0.504603
0.279634
-0.0742677
-0.271579
-0.506397
0.467658
0.339824
-0.717861
-0.75556
-0.0372547
-0.0323718
0.14435
-0.861706
-0.0288854
-0.42341
0.597648
0.884143
-0.0385905
0.064339
0.0158399
-0.0777199
0.152522
-0.0672198
-0.0938418
0.0213111
0.338283
0.256207
0.023476
0.699877
0.368134
0.0138713
-0.0219485
-0.763623
-0.220645
-0.00243013
0.437652
0.209406
0.314571
-0.0904483
-0.049296
-0.318743
-0.276357
0.772458
0.573255
0.923012
-0.566032
0.286704
-0.0274337
-0.570702
-0.0466553
0.00157707
0.0516608
-0.590511
-0.536992
-0.601547
-0.157716
0.321529
-0.195959
0.107429
-0.526952
-0.464274
-0.0374315
0.195612
-0.647763
0.430134
-0.262617
0.216895
-0.199724
-0.265669
-0.0278599
0.0574394
-0.138398
-0.00735365
-0.155246
-0.174624
0.061586
-0.377808
-0.0522326
-0.423557
0.242914
0.0238737
-0.221483
-0.0973428
0.157937
-0.816612
-0.190601
-0.156796
0.626031
0.784328
0.310869
0.725414
-0.00862432
0.0180163
-0.495686
-0.425623
0.122702
-0.116148
0.0327147
0.279986
0.308085
0.873616
-0.0813738
-0.328057
0.22468
-0.0501297
0.0422173
0.360364
0.0663934
-0.76836
-0.274336
-0.011619
0.143924
-0.296033
-0.132822
-0.0344476
-0.428995
0.207819
0.876882
0.356593
0.61696
0.594815
0.0731821
0.054946
0.01871
-0.193527
0.0804634
0.045587
-0.623997
0.0523319
0.9144
-0.530475
0.759775
-0.0965771
-0.277498
0.504046
0.0296101
0.0180782
-0.067058
-0.137024
0.614171
0.277089
-0.0666888
-0.47603
-0.874421
0.718992
-0.745212
-0.109042
-0.490361
0.258137
0.0580816
-0.0900687
0.295991
-0.901388
-0.0105087
0.102902
0.652405
-0.442919
0.0517006
0.235841
0.263106
-0.40389
0.130997
-0.27864
0.221402
0.0778672
0.438881
-0.6021
-0.617355
0.74215
-0.334632
0.4371
-0.138496
-0.0483957
-0.193641
0.772078
0.0381605
0.0976207
0.54578
-0.575111
-0.0461307
0.0584016
-0.199645
0.140594
-0.587816
0.0176051
0.00181201
-0.726605
0.375847
-0.142063
0.161786
-0.533049
-0.232373
0.121272
-0.131891
0.00848479
0.542687
0.437555
-0.12731
-0.821778
-0.47001
0.0434878
-0.0609407
-0.373922
0.0937819
0.472465
-0.264933
0.837912
-0.437701
0.0457744
-0.75952
-0.464466
0.0432877
0.623446
0.582558
0.649729
0.101604
-0.0161849
-0.017101
-0.445724
-0.4592
0.882836
-0.811953
0.278617
0.154205
0.759312
0.415077
0.0147206
-0.0486883
-0.605261
-0.0054089
-0.115547
0.0484394
0.0790483
0.378951
-0.974374
-0.176437
-0.0573675
0.0924644
-0.0567999
-0.353739
-0.564526
-0.0308513
0.717566
-0.519195
0.198831
-0.712518
0.73474
-0.020293
-0.312331
0.0557097
-0.0965736
0.467797
0.128907
-0.0629633
0.0159318
-0.834437
0.723941
0.755586
-0.163198
-0.101562
-0.0727886
0.329674
0.0100906
-0.264327
0.599909
-0.00555236
-0.0933266
0.018684
-0.60383
-0.242011
-0.193804
0.324997
0.0507116
-0.0353189
0.0347468
-0.326769
-0.59278
0.333531
-0.0946517
0.0233865
0.0479252
-0.407665
0.577519
0.286645
0.832256
0.503827
0.160754
-0.151929
-0.659478
-0.486619
0.223199
-0.023665
0.191914
0.225651
0.152096
0.0169494
0.00266811
-0.550713
0.938751
-0.28597
0.658187
-0.534093
0.660515
-0.048174
-0.371603
-0.0728749
0.000282802
0.244247
-0.478731
-0.269765
-0.49981
-0.547002
0.151867
-0.153066
0.75574
-0.0644607
-0.399626
-0.0621426
-0.112119
-0.353181
-0.311945
-0.154547
0.248939
-0.0871005
-0.583936
-0.111143
0.0523033
-0.123208
0.118687
-0.206917
-0.0901571
0.0110838
0.0632467
-0.265277
-0.157014
0.204968
0.20469
0.405191
-0.0618257
0.111386
-0.435998
0.156681
-0.11789
0.161426
0.341855
0.126615
0.727919
-0.0161589
0.190277
-0.57208
-0.157004
-0.24417
-0.351782
0.015558
0.157245
0.108249
0.656167
-0.125755
-0.172451
0.151223
-0.0824117
-0.00471074
0.242457
0.203852
-0.788399
-0.165697
-0.0866815
0.62434
-0.342172
-0.518926
0.00327886
-0.332835
0.256153
0.608968
0.382655
0.305389
0.0965052
0.0919469
0.0550746
0.121259
-0.131911
0.0204503
0.101212
-0.55811
0.378722
0.889139
-0.256517
0.180251
0.290205
-0.351536
0.300142
0.0588902
0.0153408
-0.0142611
-0.459482
0.500394
0.11729
-0.118632
-0.586801
-0.541734
0.558893
-0.496379
-0.19527
-0.27875
0.478806
0.410856
-0.0729266
-0.179483
-0.302138
-0.0139455
-0.0110026
0.647918
-0.516879
0.0209287
0.0989144
0.133833
-0.293534
0.0688557
-0.447263
0.171658
0.0728074
0.427715
0.101759
-0.591811
0.484442
-0.515423
0.187763
-0.209991
-0.00256182
-0.202379
-0.168037
0.0587933
-0.00765466
0.0433208
-0.31878
-0.00360037
0.386923
-0.255648
0.117229
-0.673212
-0.030707
-0.00338305
-0.459666
0.0942902
0.17648
0.235414
-0.374035
-0.44931
0.36166
-0.127515
0.0191482
0.569934
-0.29437
-0.279435
-0.800951
-0.155718
-0.0345799
-0.122515
-0.344255
0.0626364
0.585843
-0.0516531
0.40257
-0.0340864
0.00359488
-0.2103
-0.0624641
0.0262247
0.0730065
0.657188
0.245208
-0.0828407
0.157369
0.38064
-0.238069
-0.274268
0.867002
-0.593876
0.101429
0.171746
0.374146
0.107142
0.173499
-0.00150361
-0.505348
0.0105445
-0.0129797
0.112014
0.349274
0.0559985
-0.775317
-0.218933
-0.0508628
0.117478
-0.254849
-0.146344
-0.835861
0.156242
0.446546
-0.159146
0.36163
-0.583848
0.589639
0.0590284
-0.440027
0.00608493
0.0434547
0.123798
0.135069
-0.0479069
0.00897395
-0.623805
0.591864
0.707386
-0.0382392
-0.032411
0.247641
0.356957
0.0537636
-0.388021
0.476941
-0.00430757
-0.24786
0.0572298
-0.32227
-0.451037
-0.0844487
0.322078
0.175441
-0.0212883
0.214684
0.0053311
-0.262382
0.0517986
-0.0651421
-0.0642606
0.0377299
-0.0285587
0.42449
0.0548931
0.341008
0.257185
0.0266246
-0.189204
-0.660857
-0.383525
-0.332538
-0.0858853
-0.00338088
0.111871
-0.104289
0.239605
-0.0475886
-0.706555
0.858057
-0.0820018
0.829192
-0.213155
0.679968
-0.0203997
-0.116189
-0.0349115
-0.00220414
0.0305307
-0.487722
-0.0120141
-0.216219
-0.328612
0.471517
-0.266983
0.379086
-0.291165
-0.326819
-0.0511678
0.0390898
-0.174292
-0.0614578
-0.133556
0.411947
-0.49558
-0.367372
-0.214227
0.0542323
-0.137686
-0.00889114
-0.148085
-0.19141
0.0600115
-0.370647
-0.0619314
-0.42691
0.231545
0.02504
-0.153651
-0.0866126
0.138091
-0.717939
-0.158123
-0.154107
0.567098
0.776993
0.276983
0.745789
-0.00268558
0.00967028
-0.461743
-0.535643
0.146753
-0.165797
0.02286
0.296092
0.28984
0.870854
-0.0808196
-0.294652
0.225434
-0.0515028
0.022682
0.329818
0.0626695
-0.740154
-0.187247
-0.0131563
0.136643
-0.326937
-0.119034
0.0175757
-0.449191
0.238884
0.865465
0.368754
0.588653
0.574144
0.076626
0.0509163
0.11069
-0.187595
0.0572807
0.0559804
-0.603233
0.0577902
0.902369
-0.538715
0.745131
-0.0430352
-0.280868
0.486139
0.0381396
0.0199173
-0.0798137
-0.162614
0.617619
0.271942
-0.051532
-0.4731
-0.863587
0.756538
-0.755573
-0.10859
-0.49771
0.289316
0.0858714
-0.100356
0.32617
-0.896175
-0.0140154
0.080609
0.45595
-0.361192
0.0415351
0.211967
0.265891
-0.42418
0.132356
-0.32197
0.24684
0.0849425
0.403691
-0.595809
-0.616863
0.758842
-0.322471
0.422564
-0.154369
-0.0249114
-0.146822
0.775588
0.0159569
0.0697472
0.510279
-0.63822
-0.0400797
0.057482
-0.18794
0.146161
-0.579573
0.0101193
0.00444831
-0.730058
0.391919
0.03937
0.164718
-0.525997
-0.267713
0.114786
-0.15177
0.00806164
0.547525
0.440381
-0.153645
-0.822203
-0.748683
0.0399477
-0.028823
-0.384123
0.167974
0.496569
-0.253402
0.796448
-0.424116
0.0438636
-0.772779
-0.198361
0.0455257
0.625834
0.578875
0.669192
0.095372
-0.00369353
0.0350695
-0.435956
-0.406856
0.875829
-0.801832
0.321171
0.164251
0.75634
0.415954
0.0241942
-0.0306503
-0.62009
0.00296346
-0.117602
0.0455994
0.0924683
0.306867
-0.972889
-0.183739
-0.0523547
0.098318
-0.0483134
-0.362876
-0.577051
0.0200852
0.736436
-0.466525
0.176752
-0.77269
0.720464
-0.0240794
-0.309167
0.0700597
-0.0942309
0.564518
0.109456
-0.0868676
0.0247464
-0.834309
0.746885
0.696978
-0.188094
-0.105405
0.133353
0.324768
0.0150619
-0.272548
0.584663
-0.00254622
-0.089972
0.0220261
-0.619372
-0.219969
-0.19595
0.200888
0.0533879
-0.0373822
0.0478295
-0.315601
-0.589484
0.308281
-0.101113
0.0453612
0.0535974
-0.391705
0.637303
0.290507
0.829416
0.46186
0.169994
-0.159075
-0.659058
-0.480469
0.242975
-0.00887753
0.314688
0.245335
0.16899
0.0184379
0.00758491
-0.510215
0.940721
-0.258504
0.658203
-0.571163
0.660698
-0.0495596
-0.3904
-0.0793916
-6.00046e-06
0.161563
-0.444515
-0.299934
-0.505559
-0.587198
0.139373
-0.157949
0.749528
-0.0569234
-0.435087
-0.057494
-0.110023
-0.368689
-0.296042
-0.1466
0.253234
-0.0932774
-0.575557
-0.127357
0.558138
-0.095532
0.0122117
-0.144795
-0.400006
0.0344472
-0.0634952
-0.0819765
-0.039014
0.190538
0.0543198
0.260992
-0.669428
0.0727464
-0.789935
0.0464351
-0.142464
-0.580861
0.919885
-0.180759
0.826726
0.00168559
0.0542849
-0.0469125
-0.0352021
-0.252876
-0.134502
-0.504928
0.604883
0.124172
0.0530015
-0.397246
0.0590833
0.23543
-0.0282227
-0.0036518
-0.0629433
0.482235
-0.824353
-0.0664638
-0.0150258
-0.363463
-0.278717
-0.195608
-0.14577
-0.0981643
0.127192
0.355406
0.441605
0.0185909
0.812701
0.739895
0.0404728
0.113549
0.0223884
-0.0658185
0.315044
0.552956
-0.0449183
0.951491
-0.894803
0.280443
0.167759
-0.456596
0.177254
0.0988887
-0.000365341
-0.0793944
-0.160924
0.0223525
0.10784
-0.739571
-0.799645
-0.696222
0.990905
-0.120116
-0.00587384
0.298966
-0.011729
0.793046
-0.128754
0.241721
-0.0670857
-0.297488
-0.0503535
0.4051
-0.511702
0.00156655
0.201206
0.52505
-0.111658
0.785926
-0.894347
0.479368
0.0737
0.168182
0.197896
-0.859063
0.067224
-0.224326
0.0153309
-0.036689
0.392604
-0.0158178
-0.668786
0.2532
-0.185694
0.122383
-0.757959
-0.341004
0.588106
-0.832793
0.0904172
-0.00871395
0.353287
-0.0190314
-0.110048
0.525411
-0.0758533
0.800832
-0.774428
-0.186402
0.00803555
-0.18921
-0.0108202
0.200499
-0.00683936
-0.416567
-0.418484
-0.186568
0.0613914
0.0487116
-0.46476
0.450006
0.355164
-0.160352
0.388932
-0.0132443
-0.0469679
-0.186075
-0.00681753
0.0355331
0.0452961
0.176178
0.185161
0.0155147
0.188499
0.00974349
-0.039763
-0.00262717
0.409013
-0.417337
-0.0050508
-0.0103627
0.670173
0.296866
0.00621989
-0.0368109
-0.0305239
0.671419
-0.107551
0.073247
0.205914
0.0509366
-0.797927
-0.842212
-0.00530318
0.00596108
-0.0360724
-0.166183
-0.309791
0.0799139
0.386123
-0.306184
0.0920264
-0.873572
-0.323206
0.0901823
-0.198083
0.0386847
-0.0104504
0.381162
0.644573
-0.19421
-0.0490027
-0.721202
0.15309
0.477157
-0.0109812
-0.17693
0.493182
0.241499
0.70949
-0.0384614
-0.403304
-0.0392728
-0.284083
0.295363
-0.825812
-0.451488
-0.315259
0.188475
0.679126
-0.607545
-0.297456
-0.217201
-0.168746
0.669842
-0.0173004
-0.551414
0.0546136
0.375055
0.0466052
0.962983
0.214284
0.0980807
0.126187
-0.85066
-0.259892
-0.943316
-0.00972985
0.389097
0.153033
0.344897
0.586237
-0.0243608
0.0129185
-0.552054
0.926408
0.0769797
0.319652
-0.0917945
-0.0659097
-0.0637143
-0.317952
-0.153868
-0.0425566
0.415909
-0.750055
-0.324051
-0.400223
0.0307378
0.0594476
-0.662056
0.277376
-0.282637
0.329867
-0.0428604
0.201482
-0.331184
0.0933605
-0.837587
0.10041
-0.049998
-0.0268254
0.537583
0.575844
-0.0948538
0.0355662
-0.191877
-0.481322
0.0274735
-0.0802575
-0.157332
-0.00560548
0.226064
0.304004
0.842709
-0.627118
0.0375616
-0.402813
0.0494048
-0.175347
-0.644898
0.910384
-0.131512
0.755987
-0.0104784
0.032538
-0.0430066
-0.0862001
-0.327279
-0.09888
-0.435615
0.412468
0.100886
0.0460175
-0.149454
0.0817168
0.373047
-0.0332488
-0.102049
-0.0538207
0.408663
-0.819314
-0.0958303
-0.0124461
-0.191129
-0.313112
-0.1702
0.0146976
-0.0959146
0.103424
0.32503
0.266314
0.0199994
0.697924
0.74699
0.041434
0.0954435
0.0373422
0.0395852
0.259247
0.720833
0.0355432
0.893112
-0.827332
0.00335749
0.162685
-0.432185
0.15228
0.19203
0.00223302
-0.0940686
-0.102175
0.0538404
0.131136
-0.721696
-0.719675
-0.529166
0.988063
-0.0795981
-0.00992658
0.40807
0.288649
0.750437
-0.106584
0.129801
-0.0802838
-0.195158
-0.063902
0.330223
0.0241139
0.0102371
0.326757
0.395702
-0.130692
0.769772
-0.887822
0.607893
0.0922092
0.173656
0.374237
-0.853024
0.0923719
-0.358156
-0.0570074
-0.0927361
0.358755
-0.0290678
-0.672257
0.235132
-0.211254
0.12763
-0.500181
-0.359086
0.57646
-0.763395
-0.147785
-0.00785158
0.217249
-0.0110913
-0.158129
0.580002
0.0726351
0.679245
-0.72324
-0.122175
0.0127687
-0.216073
-0.00641661
0.259207
-0.159737
-0.523034
-0.423793
-0.0704397
-0.00348882
-0.568404
-0.359791
0.477769
0.317605
-0.0709461
0.411633
-0.00509152
-0.162943
-0.141359
0.356082
0.0545108
0.0639564
0.121288
0.167867
0.0203318
0.152091
0.030056
-0.061739
-0.127544
0.522631
-0.506893
-0.020394
-0.0138033
0.606944
0.335559
0.0448812
0.0585017
0.0261992
0.859394
-0.147981
0.0982774
0.234201
-0.0331085
-0.8042
-0.843104
-0.00112892
0.00174534
-0.268442
-0.103137
-0.322343
0.194819
0.361253
-0.224161
0.0706554
-0.845394
-0.0814378
0.165969
-0.247042
-0.032042
0.0180436
0.484442
0.196464
-0.498286
-0.0142727
-0.673689
0.182553
0.48248
-0.00299617
-0.142545
0.485111
0.244343
0.688826
-0.0360155
-0.306186
-0.0645751
-0.322886
0.411279
-0.849143
-0.304645
-0.276374
0.216591
0.738731
-0.612902
-0.0687997
-0.0439358
-0.147599
0.714742
-0.0358712
-0.609842
0.0526633
0.447112
0.0500824
0.957665
0.171305
0.126518
0.218177
-0.782192
-0.252286
-0.853162
-0.00300316
0.284103
0.113227
0.147858
0.578411
0.111368
-0.190373
-0.0900151
0.830832
0.0831088
0.31031
-0.082191
-0.0495846
-0.0723269
-0.367005
-0.119733
-0.00585383
0.354925
-0.69776
-0.0767438
-0.305834
0.0195489
0.0702941
-0.665086
0.233754
-0.242182
0.392261
-0.064931
0.32646
-0.189129
0.104678
-0.840305
0.142117
-0.0739994
-0.0319404
0.533297
